4.77 4.71 4.64 4.57 4.51 4.45 4.41 4.36 4.32 4.28 4.23 4.19 4.14 4.10 4.06 4.02 4.00 3.98 3.95 3.93 3.91 3.88 3.86 3.84 3.81 3.80 3.79 3.78 3.77 3.77 3.76 3.75 3.74 3.73 3.73 3.72 3.73 3.73 3.74 3.74 3.75 3.75 3.75 3.76 3.76 3.77 3.79 3.80 3.82 3.83 3.85 3.86 3.88 3.90 3.91 3.93 3.94 3.96 3.98 3.99 4.01 4.03 4.04 4.06 4.07 4.09 4.10 4.11 4.12 4.14 4.15 4.16 4.17 4.18 4.20 4.21 4.21 4.22 4.23 4.24
4.77 4.70 4.63 4.57 4.50 4.45 4.40 4.36 4.31 4.27 4.22 4.18 4.13 4.09 4.04 4.01 3.98 3.96 3.94 3.91 3.89 3.86 3.84 3.81 3.79 3.77 3.76 3.75 3.74 3.73 3.72 3.71 3.70 3.70 3.69 3.68 3.69 3.69 3.69 3.70 3.70 3.70 3.71 3.71 3.71 3.72 3.74 3.75 3.77 3.78 3.80 3.81 3.83 3.84 3.86 3.88 3.89 3.91 3.93 3.94 3.96 3.98 3.99 4.01 4.03 4.04 4.06 4.07 4.08 4.09 4.11 4.12 4.13 4.14 4.16 4.17 4.17 4.18 4.19 4.20
4.76 4.70 4.63 4.56 4.50 4.44 4.39 4.35 4.30 4.26 4.21 4.17 4.12 4.08 4.03 3.99 3.97 3.94 3.92 3.89 3.87 3.84 3.81 3.79 3.76 3.74 3.73 3.72 3.71 3.70 3.69 3.68 3.67 3.66 3.65 3.64 3.64 3.65 3.65 3.65 3.65 3.65 3.66 3.66 3.66 3.67 3.69 3.70 3.72 3.73 3.75 3.76 3.78 3.79 3.81 3.82 3.84 3.86 3.88 3.89 3.91 3.93 3.95 3.96 3.98 4.00 4.01 4.02 4.04 4.05 4.06 4.08 4.09 4.10 4.12 4.13 4.14 4.14 4.15 4.16
4.76 4.69 4.62 4.56 4.49 4.43 4.39 4.34 4.30 4.25 4.20 4.16 4.11 4.06 4.02 3.98 3.95 3.93 3.90 3.87 3.85 3.82 3.79 3.76 3.74 3.72 3.70 3.69 3.68 3.67 3.66 3.64 3.63 3.62 3.61 3.60 3.60 3.60 3.60 3.61 3.61 3.61 3.61 3.61 3.61 3.62 3.63 3.65 3.66 3.68 3.70 3.71 3.73 3.74 3.76 3.77 3.79 3.81 3.83 3.84 3.86 3.88 3.90 3.92 3.93 3.95 3.96 3.98 3.99 4.01 4.02 4.03 4.05 4.06 4.08 4.09 4.10 4.11 4.12 4.12
4.75 4.69 4.62 4.55 4.49 4.43 4.38 4.33 4.29 4.24 4.19 4.15 4.10 4.05 4.00 3.97 3.94 3.91 3.88 3.85 3.82 3.80 3.77 3.74 3.71 3.69 3.68 3.66 3.65 3.64 3.62 3.61 3.59 3.58 3.57 3.56 3.56 3.56 3.56 3.56 3.56 3.56 3.56 3.56 3.56 3.57 3.58 3.60 3.61 3.63 3.64 3.66 3.67 3.69 3.70 3.72 3.74 3.76 3.78 3.80 3.81 3.83 3.85 3.87 3.89 3.90 3.92 3.93 3.95 3.96 3.98 3.99 4.01 4.02 4.04 4.05 4.06 4.07 4.08 4.09
4.74 4.68 4.61 4.54 4.47 4.42 4.37 4.32 4.27 4.22 4.18 4.13 4.08 4.03 3.99 3.95 3.92 3.89 3.86 3.83 3.80 3.77 3.74 3.71 3.68 3.66 3.65 3.63 3.62 3.60 3.59 3.57 3.56 3.54 3.53 3.52 3.52 3.52 3.52 3.52 3.51 3.51 3.51 3.51 3.51 3.52 3.53 3.55 3.56 3.58 3.59 3.61 3.63 3.64 3.66 3.67 3.69 3.71 3.73 3.75 3.77 3.79 3.81 3.83 3.84 3.86 3.88 3.89 3.91 3.92 3.94 3.95 3.97 3.98 4.00 4.01 4.02 4.03 4.04 4.05
4.72 4.66 4.59 4.52 4.45 4.40 4.35 4.30 4.25 4.20 4.15 4.11 4.06 4.01 3.96 3.92 3.89 3.86 3.83 3.80 3.77 3.74 3.71 3.68 3.65 3.63 3.61 3.60 3.58 3.57 3.55 3.54 3.52 3.51 3.49 3.48 3.48 3.48 3.47 3.47 3.47 3.46 3.46 3.46 3.46 3.46 3.48 3.50 3.51 3.53 3.55 3.56 3.58 3.60 3.61 3.63 3.65 3.67 3.69 3.71 3.73 3.75 3.77 3.79 3.81 3.82 3.84 3.85 3.87 3.89 3.90 3.92 3.93 3.95 3.96 3.98 3.99 4.00 4.01 4.02
4.71 4.64 4.57 4.50 4.44 4.38 4.33 4.28 4.23 4.18 4.13 4.08 4.04 3.99 3.94 3.90 3.87 3.84 3.81 3.78 3.74 3.71 3.68 3.65 3.62 3.60 3.58 3.57 3.55 3.53 3.52 3.50 3.49 3.47 3.45 3.44 3.44 3.43 3.43 3.42 3.42 3.42 3.41 3.41 3.40 3.41 3.43 3.45 3.46 3.48 3.50 3.52 3.53 3.55 3.57 3.59 3.61 3.63 3.65 3.67 3.69 3.71 3.73 3.75 3.77 3.79 3.80 3.82 3.83 3.85 3.87 3.88 3.90 3.91 3.93 3.94 3.95 3.97 3.98 3.99
4.69 4.62 4.55 4.48 4.42 4.36 4.31 4.26 4.21 4.16 4.11 4.06 4.01 3.96 3.91 3.87 3.84 3.81 3.78 3.75 3.72 3.69 3.65 3.62 3.59 3.57 3.55 3.53 3.52 3.50 3.48 3.47 3.45 3.43 3.41 3.40 3.40 3.39 3.39 3.38 3.37 3.37 3.36 3.36 3.35 3.36 3.38 3.39 3.41 3.43 3.45 3.47 3.49 3.51 3.53 3.55 3.57 3.59 3.61 3.63 3.65 3.67 3.69 3.71 3.73 3.75 3.76 3.78 3.80 3.81 3.83 3.85 3.86 3.88 3.89 3.91 3.92 3.93 3.94 3.96
4.67 4.60 4.53 4.47 4.40 4.34 4.29 4.24 4.19 4.14 4.09 4.04 3.99 3.94 3.89 3.85 3.82 3.78 3.75 3.72 3.69 3.66 3.63 3.59 3.56 3.54 3.52 3.50 3.48 3.47 3.45 3.43 3.41 3.39 3.38 3.36 3.36 3.35 3.34 3.33 3.33 3.32 3.31 3.30 3.30 3.30 3.32 3.34 3.36 3.38 3.40 3.42 3.44 3.46 3.48 3.50 3.52 3.55 3.57 3.59 3.61 3.63 3.65 3.67 3.69 3.71 3.73 3.74 3.76 3.78 3.79 3.81 3.83 3.84 3.86 3.87 3.89 3.90 3.91 3.92
4.65 4.58 4.52 4.45 4.38 4.32 4.27 4.22 4.17 4.12 4.07 4.02 3.97 3.92 3.86 3.82 3.79 3.76 3.73 3.69 3.66 3.63 3.60 3.56 3.53 3.51 3.49 3.47 3.45 3.43 3.41 3.39 3.38 3.36 3.34 3.33 3.32 3.31 3.30 3.29 3.28 3.27 3.26 3.25 3.24 3.25 3.27 3.29 3.31 3.33 3.36 3.38 3.40 3.42 3.44 3.46 3.48 3.50 3.52 3.55 3.57 3.59 3.61 3.63 3.65 3.67 3.69 3.71 3.72 3.74 3.76 3.77 3.79 3.81 3.83 3.84 3.85 3.87 3.88 3.89
4.64 4.57 4.50 4.43 4.36 4.30 4.25 4.20 4.15 4.10 4.04 3.99 3.94 3.89 3.84 3.80 3.77 3.73 3.70 3.67 3.63 3.60 3.57 3.53 3.50 3.48 3.46 3.44 3.42 3.40 3.38 3.36 3.34 3.32 3.30 3.29 3.28 3.27 3.25 3.24 3.23 3.22 3.21 3.20 3.19 3.20 3.22 3.24 3.26 3.29 3.31 3.33 3.35 3.37 3.40 3.42 3.44 3.46 3.48 3.51 3.53 3.55 3.57 3.59 3.61 3.63 3.65 3.67 3.69 3.70 3.72 3.74 3.76 3.77 3.79 3.81 3.82 3.83 3.85 3.86
4.62 4.55 4.48 4.41 4.34 4.28 4.23 4.18 4.12 4.07 4.02 3.97 3.92 3.87 3.82 3.77 3.74 3.71 3.67 3.64 3.61 3.57 3.54 3.51 3.47 3.44 3.42 3.40 3.38 3.36 3.34 3.32 3.30 3.28 3.26 3.25 3.24 3.22 3.21 3.20 3.19 3.18 3.16 3.15 3.14 3.15 3.17 3.19 3.21 3.24 3.26 3.28 3.31 3.33 3.35 3.38 3.40 3.42 3.44 3.46 3.49 3.51 3.53 3.55 3.57 3.59 3.61 3.63 3.65 3.67 3.68 3.70 3.72 3.74 3.76 3.77 3.79 3.80 3.81 3.83
4.60 4.53 4.46 4.39 4.32 4.26 4.21 4.16 4.10 4.05 4.00 3.95 3.90 3.84 3.79 3.75 3.71 3.68 3.65 3.61 3.58 3.54 3.51 3.48 3.44 3.41 3.39 3.37 3.35 3.33 3.31 3.29 3.27 3.25 3.23 3.21 3.19 3.18 3.17 3.15 3.14 3.13 3.11 3.10 3.09 3.09 3.12 3.14 3.16 3.19 3.21 3.24 3.26 3.29 3.31 3.33 3.36 3.38 3.40 3.42 3.45 3.47 3.49 3.51 3.54 3.56 3.57 3.59 3.61 3.63 3.65 3.67 3.69 3.70 3.72 3.74 3.75 3.77 3.78 3.79
4.58 4.51 4.44 4.37 4.30 4.24 4.19 4.13 4.08 4.03 3.98 3.93 3.87 3.82 3.77 3.72 3.69 3.65 3.62 3.59 3.55 3.52 3.48 3.45 3.41 3.38 3.36 3.34 3.32 3.30 3.27 3.25 3.23 3.21 3.19 3.17 3.15 3.14 3.12 3.11 3.09 3.08 3.06 3.05 3.03 3.04 3.06 3.09 3.11 3.14 3.17 3.19 3.22 3.24 3.27 3.29 3.31 3.34 3.36 3.38 3.41 3.43 3.45 3.47 3.50 3.52 3.54 3.56 3.57 3.59 3.61 3.63 3.65 3.67 3.69 3.70 3.72 3.73 3.75 3.76
4.56 4.49 4.42 4.35 4.28 4.21 4.16 4.11 4.06 4.00 3.95 3.90 3.85 3.79 3.74 3.70 3.66 3.63 3.59 3.56 3.52 3.49 3.45 3.42 3.38 3.35 3.33 3.31 3.29 3.26 3.24 3.22 3.20 3.18 3.15 3.14 3.12 3.11 3.09 3.08 3.06 3.05 3.03 3.02 3.00 3.01 3.03 3.06 3.08 3.11 3.13 3.16 3.18 3.21 3.23 3.26 3.28 3.30 3.33 3.35 3.37 3.39 3.42 3.44 3.46 3.49 3.50 3.52 3.54 3.56 3.58 3.60 3.62 3.64 3.66 3.67 3.69 3.70 3.72 3.73
4.53 4.46 4.39 4.32 4.25 4.19 4.13 4.08 4.03 3.97 3.92 3.87 3.81 3.76 3.71 3.66 3.63 3.59 3.56 3.52 3.49 3.45 3.42 3.38 3.35 3.32 3.30 3.28 3.26 3.24 3.21 3.19 3.17 3.15 3.13 3.11 3.10 3.08 3.07 3.05 3.04 3.03 3.01 3.00 2.98 2.99 3.01 3.04 3.06 3.09 3.11 3.13 3.16 3.18 3.21 3.23 3.25 3.28 3.30 3.32 3.34 3.37 3.39 3.41 3.44 3.46 3.48 3.50 3.52 3.53 3.55 3.57 3.59 3.61 3.63 3.65 3.66 3.68 3.69 3.71
4.50 4.43 4.36 4.29 4.22 4.16 4.10 4.05 4.00 3.94 3.89 3.83 3.78 3.73 3.67 3.63 3.60 3.56 3.53 3.49 3.46 3.42 3.39 3.35 3.32 3.29 3.27 3.25 3.23 3.21 3.18 3.16 3.14 3.12 3.10 3.08 3.07 3.06 3.05 3.03 3.02 3.01 2.99 2.98 2.97 2.97 3.00 3.02 3.04 3.07 3.09 3.11 3.14 3.16 3.18 3.20 3.23 3.25 3.27 3.30 3.32 3.34 3.36 3.39 3.41 3.43 3.45 3.47 3.49 3.51 3.53 3.55 3.56 3.58 3.60 3.62 3.64 3.65 3.67 3.68
4.47 4.40 4.33 4.26 4.19 4.13 4.07 4.02 3.96 3.91 3.86 3.80 3.75 3.70 3.64 3.60 3.56 3.53 3.49 3.46 3.43 3.39 3.36 3.32 3.29 3.26 3.24 3.22 3.20 3.18 3.16 3.13 3.11 3.09 3.07 3.06 3.05 3.03 3.02 3.01 3.00 2.99 2.98 2.97 2.95 2.96 2.98 3.00 3.02 3.05 3.07 3.09 3.11 3.13 3.16 3.18 3.20 3.22 3.25 3.27 3.29 3.31 3.34 3.36 3.38 3.40 3.42 3.44 3.46 3.48 3.50 3.52 3.54 3.56 3.58 3.59 3.61 3.62 3.64 3.66
4.45 4.37 4.30 4.23 4.16 4.10 4.04 3.99 3.93 3.88 3.83 3.77 3.72 3.66 3.61 3.57 3.53 3.50 3.46 3.43 3.39 3.36 3.32 3.29 3.26 3.23 3.21 3.19 3.17 3.15 3.13 3.11 3.09 3.07 3.05 3.03 3.02 3.01 3.00 2.99 2.98 2.97 2.96 2.95 2.94 2.94 2.96 2.98 3.01 3.03 3.05 3.07 3.09 3.11 3.13 3.15 3.17 3.20 3.22 3.24 3.26 3.29 3.31 3.33 3.35 3.37 3.39 3.41 3.43 3.45 3.47 3.49 3.51 3.53 3.55 3.57 3.58 3.60 3.61 3.63
4.42 4.35 4.27 4.20 4.13 4.07 4.01 3.96 3.90 3.85 3.79 3.74 3.69 3.63 3.58 3.53 3.50 3.46 3.43 3.40 3.36 3.33 3.29 3.26 3.22 3.20 3.18 3.16 3.14 3.12 3.10 3.08 3.06 3.04 3.02 3.00 2.99 2.99 2.98 2.97 2.96 2.95 2.94 2.93 2.92 2.93 2.95 2.97 2.99 3.01 3.03 3.05 3.07 3.09 3.11 3.13 3.15 3.17 3.19 3.21 3.24 3.26 3.28 3.30 3.33 3.35 3.37 3.39 3.41 3.42 3.44 3.46 3.48 3.50 3.52 3.54 3.56 3.57 3.59 3.60
4.39 4.32 4.24 4.17 4.10 4.04 3.98 3.93 3.87 3.82 3.76 3.71 3.65 3.60 3.54 3.50 3.47 3.43 3.40 3.36 3.33 3.30 3.26 3.23 3.19 3.17 3.15 3.13 3.11 3.09 3.07 3.05 3.03 3.01 2.99 2.98 2.97 2.96 2.95 2.95 2.94 2.93 2.92 2.91 2.91 2.91 2.93 2.95 2.97 2.99 3.01 3.02 3.04 3.06 3.08 3.10 3.12 3.14 3.17 3.19 3.21 3.23 3.25 3.28 3.30 3.32 3.34 3.36 3.38 3.40 3.42 3.44 3.46 3.48 3.50 3.51 3.53 3.55 3.56 3.58
4.36 4.29 4.22 4.14 4.07 4.01 3.95 3.90 3.84 3.79 3.73 3.68 3.62 3.57 3.51 3.47 3.43 3.40 3.37 3.33 3.30 3.26 3.23 3.20 3.16 3.14 3.12 3.10 3.08 3.06 3.04 3.02 3.00 2.98 2.96 2.95 2.94 2.94 2.93 2.92 2.92 2.91 2.90 2.90 2.89 2.90 2.91 2.93 2.95 2.97 2.98 3.00 3.02 3.04 3.05 3.07 3.10 3.12 3.14 3.16 3.18 3.20 3.23 3.25 3.27 3.29 3.31 3.33 3.35 3.37 3.39 3.41 3.43 3.45 3.47 3.49 3.50 3.52 3.54 3.55
4.33 4.26 4.19 4.11 4.04 3.98 3.92 3.87 3.81 3.76 3.70 3.65 3.59 3.54 3.48 3.44 3.40 3.37 3.33 3.30 3.27 3.23 3.20 3.16 3.13 3.10 3.09 3.07 3.05 3.03 3.01 2.99 2.97 2.96 2.94 2.92 2.92 2.91 2.91 2.90 2.90 2.89 2.89 2.88 2.88 2.88 2.90 2.91 2.93 2.95 2.96 2.98 3.00 3.01 3.03 3.05 3.07 3.09 3.11 3.13 3.16 3.18 3.20 3.22 3.24 3.26 3.28 3.30 3.32 3.34 3.36 3.38 3.40 3.42 3.44 3.46 3.48 3.49 3.51 3.53
4.31 4.23 4.16 4.08 4.01 3.95 3.89 3.84 3.78 3.72 3.67 3.61 3.56 3.50 3.45 3.40 3.37 3.34 3.30 3.27 3.23 3.20 3.17 3.13 3.10 3.07 3.05 3.04 3.02 3.00 2.98 2.96 2.95 2.93 2.91 2.90 2.89 2.89 2.89 2.88 2.88 2.87 2.87 2.86 2.86 2.87 2.88 2.90 2.91 2.93 2.94 2.96 2.97 2.99 3.00 3.02 3.04 3.06 3.09 3.11 3.13 3.15 3.17 3.19 3.21 3.24 3.26 3.28 3.30 3.32 3.34 3.36 3.38 3.40 3.42 3.43 3.45 3.47 3.48 3.50
4.27 4.20 4.13 4.05 3.98 3.91 3.86 3.80 3.75 3.69 3.63 3.58 3.52 3.47 3.41 3.37 3.33 3.30 3.27 3.23 3.20 3.17 3.13 3.10 3.07 3.04 3.03 3.01 2.99 2.97 2.95 2.94 2.92 2.90 2.88 2.87 2.87 2.87 2.86 2.86 2.86 2.85 2.85 2.85 2.84 2.85 2.87 2.88 2.89 2.91 2.92 2.94 2.95 2.97 2.98 3.00 3.02 3.04 3.06 3.09 3.11 3.13 3.15 3.17 3.19 3.21 3.23 3.25 3.27 3.29 3.31 3.33 3.35 3.37 3.39 3.41 3.43 3.44 3.46 3.48
4.24 4.17 4.09 4.02 3.94 3.88 3.82 3.76 3.71 3.65 3.60 3.54 3.48 3.43 3.37 3.33 3.29 3.26 3.23 3.20 3.17 3.13 3.10 3.07 3.04 3.01 3.00 2.98 2.96 2.95 2.93 2.91 2.90 2.88 2.86 2.85 2.85 2.85 2.84 2.84 2.84 2.84 2.83 2.83 2.83 2.83 2.85 2.86 2.88 2.89 2.91 2.92 2.94 2.95 2.97 2.98 3.00 3.03 3.05 3.07 3.09 3.11 3.13 3.15 3.17 3.19 3.21 3.23 3.25 3.27 3.29 3.31 3.33 3.35 3.37 3.39 3.41 3.42 3.44 3.46
4.20 4.13 4.06 3.98 3.91 3.84 3.78 3.73 3.67 3.61 3.56 3.50 3.44 3.39 3.33 3.29 3.26 3.22 3.19 3.16 3.13 3.10 3.07 3.04 3.01 2.98 2.97 2.95 2.94 2.92 2.90 2.89 2.87 2.86 2.84 2.83 2.83 2.83 2.82 2.82 2.82 2.82 2.82 2.81 2.81 2.82 2.83 2.85 2.86 2.88 2.89 2.91 2.92 2.93 2.95 2.97 2.99 3.01 3.03 3.05 3.07 3.09 3.11 3.13 3.15 3.17 3.19 3.21 3.23 3.25 3.27 3.29 3.31 3.33 3.35 3.37 3.39 3.40 3.42 3.44
4.17 4.09 4.02 3.94 3.87 3.80 3.75 3.69 3.63 3.58 3.52 3.46 3.40 3.35 3.29 3.25 3.22 3.19 3.16 3.13 3.10 3.07 3.04 3.01 2.98 2.95 2.94 2.92 2.91 2.89 2.88 2.86 2.85 2.83 2.82 2.81 2.81 2.81 2.80 2.80 2.80 2.80 2.80 2.80 2.80 2.80 2.82 2.83 2.85 2.86 2.87 2.89 2.90 2.92 2.93 2.95 2.97 2.99 3.01 3.03 3.05 3.07 3.09 3.11 3.13 3.15 3.17 3.19 3.21 3.23 3.25 3.27 3.29 3.31 3.33 3.35 3.37 3.38 3.40 3.42
4.13 4.06 3.98 3.91 3.83 3.77 3.71 3.65 3.60 3.54 3.48 3.42 3.37 3.31 3.25 3.21 3.18 3.15 3.12 3.09 3.06 3.03 3.00 2.97 2.95 2.92 2.91 2.89 2.88 2.87 2.85 2.84 2.82 2.81 2.79 2.79 2.79 2.79 2.78 2.78 2.78 2.78 2.78 2.78 2.78 2.79 2.80 2.82 2.83 2.84 2.86 2.87 2.89 2.90 2.91 2.93 2.95 2.97 2.99 3.01 3.03 3.05 3.07 3.09 3.12 3.14 3.15 3.17 3.19 3.21 3.23 3.25 3.27 3.29 3.31 3.33 3.35 3.36 3.38 3.40
4.10 4.02 3.95 3.87 3.80 3.73 3.67 3.62 3.56 3.50 3.44 3.38 3.33 3.27 3.21 3.17 3.14 3.11 3.08 3.06 3.03 3.00 2.97 2.94 2.91 2.89 2.88 2.87 2.85 2.84 2.83 2.81 2.80 2.79 2.77 2.77 2.77 2.77 2.76 2.76 2.76 2.76 2.76 2.76 2.76 2.77 2.79 2.80 2.81 2.83 2.84 2.86 2.87 2.88 2.90 2.92 2.94 2.96 2.98 3.00 3.02 3.04 3.06 3.08 3.10 3.12 3.14 3.16 3.17 3.19 3.21 3.23 3.25 3.27 3.29 3.31 3.33 3.35 3.36 3.38
4.06 3.99 3.91 3.84 3.76 3.69 3.64 3.58 3.52 3.46 3.40 3.35 3.29 3.23 3.17 3.13 3.10 3.07 3.05 3.02 2.99 2.97 2.94 2.91 2.88 2.86 2.85 2.84 2.83 2.81 2.80 2.79 2.78 2.76 2.75 2.74 2.74 2.74 2.75 2.75 2.75 2.75 2.75 2.75 2.75 2.76 2.77 2.78 2.80 2.81 2.83 2.84 2.85 2.87 2.88 2.90 2.92 2.94 2.96 2.98 3.00 3.02 3.04 3.06 3.08 3.10 3.12 3.14 3.16 3.18 3.19 3.21 3.23 3.25 3.27 3.29 3.31 3.33 3.34 3.36
4.03 3.95 3.88 3.80 3.73 3.66 3.60 3.54 3.48 3.42 3.36 3.31 3.25 3.19 3.13 3.09 3.06 3.04 3.01 2.98 2.96 2.93 2.91 2.88 2.85 2.83 2.82 2.81 2.80 2.79 2.77 2.76 2.75 2.74 2.73 2.72 2.72 2.72 2.73 2.73 2.73 2.73 2.73 2.73 2.73 2.74 2.75 2.77 2.78 2.79 2.81 2.82 2.84 2.85 2.86 2.88 2.90 2.92 2.94 2.96 2.98 3.00 3.02 3.04 3.06 3.08 3.10 3.12 3.14 3.16 3.18 3.19 3.21 3.23 3.25 3.27 3.29 3.31 3.32 3.34
3.99 3.92 3.84 3.77 3.69 3.62 3.56 3.50 3.44 3.39 3.33 3.27 3.21 3.15 3.09 3.05 3.02 3.00 2.97 2.95 2.92 2.90 2.87 2.85 2.82 2.80 2.79 2.78 2.77 2.76 2.75 2.74 2.73 2.72 2.70 2.70 2.70 2.70 2.71 2.71 2.71 2.71 2.71 2.71 2.72 2.72 2.74 2.75 2.76 2.78 2.79 2.81 2.82 2.83 2.85 2.86 2.88 2.90 2.92 2.94 2.96 2.98 3.00 3.02 3.04 3.06 3.08 3.10 3.12 3.14 3.16 3.18 3.19 3.21 3.23 3.25 3.27 3.29 3.30 3.32
3.96 3.88 3.81 3.73 3.65 3.59 3.53 3.47 3.41 3.35 3.29 3.23 3.17 3.11 3.05 3.01 2.98 2.96 2.94 2.91 2.89 2.86 2.84 2.82 2.79 2.77 2.76 2.75 2.74 2.73 2.72 2.71 2.70 2.69 2.68 2.68 2.68 2.68 2.69 2.69 2.69 2.69 2.70 2.70 2.70 2.71 2.72 2.74 2.75 2.76 2.78 2.79 2.80 2.82 2.83 2.85 2.87 2.89 2.90 2.92 2.94 2.96 2.98 3.00 3.02 3.04 3.06 3.08 3.10 3.12 3.14 3.16 3.18 3.19 3.21 3.23 3.25 3.27 3.28 3.30
3.92 3.85 3.77 3.69 3.62 3.55 3.49 3.43 3.37 3.31 3.25 3.19 3.13 3.07 3.02 2.97 2.95 2.93 2.90 2.88 2.86 2.83 2.81 2.79 2.76 2.75 2.74 2.73 2.72 2.71 2.70 2.69 2.68 2.67 2.66 2.66 2.66 2.66 2.67 2.67 2.67 2.68 2.68 2.68 2.68 2.69 2.71 2.72 2.73 2.75 2.76 2.77 2.79 2.80 2.82 2.83 2.85 2.87 2.89 2.91 2.93 2.95 2.97 2.98 3.00 3.02 3.04 3.06 3.08 3.10 3.12 3.14 3.16 3.18 3.20 3.22 3.23 3.25 3.27 3.28
3.88 3.81 3.73 3.65 3.58 3.51 3.45 3.39 3.34 3.28 3.22 3.16 3.10 3.04 2.99 2.95 2.92 2.90 2.88 2.85 2.83 2.81 2.78 2.76 2.74 2.72 2.71 2.70 2.69 2.68 2.68 2.67 2.66 2.65 2.64 2.64 2.64 2.64 2.65 2.65 2.65 2.66 2.66 2.67 2.67 2.68 2.69 2.71 2.72 2.73 2.75 2.76 2.77 2.79 2.80 2.82 2.84 2.86 2.88 2.89 2.91 2.93 2.95 2.97 2.99 3.01 3.03 3.05 3.07 3.09 3.11 3.13 3.14 3.16 3.18 3.20 3.22 3.24 3.25 3.27
3.84 3.77 3.69 3.61 3.54 3.47 3.41 3.36 3.30 3.24 3.19 3.13 3.07 3.01 2.96 2.92 2.89 2.87 2.85 2.82 2.80 2.78 2.76 2.73 2.71 2.69 2.68 2.68 2.67 2.66 2.65 2.64 2.64 2.63 2.62 2.62 2.62 2.62 2.63 2.63 2.64 2.64 2.65 2.65 2.65 2.66 2.68 2.69 2.70 2.72 2.73 2.75 2.76 2.77 2.79 2.81 2.82 2.84 2.86 2.88 2.90 2.92 2.94 2.96 2.98 3.00 3.02 3.03 3.05 3.07 3.09 3.11 3.13 3.15 3.17 3.19 3.20 3.22 3.24 3.26
3.80 3.73 3.65 3.58 3.50 3.43 3.38 3.32 3.27 3.21 3.15 3.10 3.04 2.98 2.93 2.89 2.87 2.84 2.82 2.80 2.77 2.75 2.73 2.70 2.68 2.67 2.66 2.65 2.64 2.64 2.63 2.62 2.61 2.61 2.60 2.60 2.60 2.61 2.61 2.61 2.62 2.62 2.63 2.63 2.64 2.65 2.66 2.68 2.69 2.70 2.72 2.73 2.75 2.76 2.78 2.79 2.81 2.83 2.85 2.87 2.89 2.91 2.93 2.94 2.96 2.98 3.00 3.02 3.04 3.06 3.08 3.10 3.12 3.14 3.16 3.17 3.19 3.21 3.22 3.24
3.76 3.69 3.61 3.54 3.46 3.40 3.34 3.29 3.23 3.18 3.12 3.06 3.01 2.95 2.90 2.86 2.84 2.81 2.79 2.77 2.75 2.72 2.70 2.68 2.65 2.64 2.63 2.63 2.62 2.61 2.60 2.60 2.59 2.58 2.58 2.58 2.58 2.59 2.59 2.60 2.60 2.61 2.61 2.62 2.62 2.63 2.65 2.66 2.68 2.69 2.70 2.72 2.73 2.75 2.76 2.78 2.80 2.82 2.84 2.86 2.87 2.89 2.91 2.93 2.95 2.97 2.99 3.01 3.03 3.05 3.07 3.08 3.10 3.12 3.14 3.16 3.18 3.19 3.21 3.23
3.72 3.65 3.57 3.50 3.42 3.36 3.30 3.25 3.20 3.14 3.09 3.03 2.98 2.92 2.87 2.83 2.81 2.79 2.76 2.74 2.72 2.70 2.67 2.65 2.63 2.61 2.61 2.60 2.59 2.59 2.58 2.57 2.57 2.56 2.56 2.56 2.56 2.57 2.57 2.58 2.58 2.59 2.60 2.60 2.61 2.62 2.63 2.65 2.66 2.68 2.69 2.70 2.72 2.73 2.75 2.77 2.78 2.80 2.82 2.84 2.86 2.88 2.90 2.92 2.94 2.96 2.98 2.99 3.01 3.03 3.05 3.07 3.09 3.11 3.13 3.15 3.16 3.18 3.20 3.21
3.69 3.61 3.53 3.46 3.38 3.32 3.27 3.21 3.16 3.11 3.05 3.00 2.95 2.89 2.84 2.80 2.78 2.76 2.74 2.71 2.69 2.67 2.65 2.62 2.60 2.59 2.58 2.57 2.57 2.56 2.56 2.55 2.55 2.54 2.53 2.54 2.54 2.55 2.55 2.56 2.57 2.57 2.58 2.59 2.59 2.60 2.62 2.63 2.65 2.66 2.68 2.69 2.71 2.72 2.74 2.75 2.77 2.79 2.81 2.83 2.85 2.87 2.89 2.90 2.92 2.94 2.96 2.98 3.00 3.02 3.04 3.06 3.08 3.10 3.11 3.13 3.15 3.17 3.18 3.20
3.65 3.57 3.50 3.42 3.34 3.28 3.23 3.18 3.13 3.07 3.02 2.97 2.92 2.86 2.81 2.78 2.75 2.73 2.71 2.69 2.66 2.64 2.62 2.60 2.57 2.56 2.55 2.55 2.54 2.54 2.53 2.53 2.52 2.52 2.51 2.51 2.52 2.53 2.54 2.54 2.55 2.56 2.56 2.57 2.58 2.59 2.60 2.62 2.63 2.65 2.66 2.68 2.69 2.71 2.72 2.74 2.76 2.78 2.80 2.82 2.83 2.85 2.87 2.89 2.91 2.93 2.95 2.97 2.99 3.01 3.02 3.04 3.06 3.08 3.10 3.12 3.14 3.15 3.17 3.19
3.61 3.53 3.46 3.38 3.31 3.24 3.19 3.14 3.09 3.04 2.99 2.94 2.89 2.83 2.78 2.75 2.72 2.70 2.68 2.66 2.64 2.61 2.59 2.57 2.55 2.53 2.53 2.52 2.52 2.52 2.51 2.51 2.50 2.50 2.49 2.49 2.50 2.51 2.52 2.52 2.53 2.54 2.55 2.55 2.56 2.57 2.59 2.60 2.62 2.63 2.65 2.66 2.68 2.69 2.71 2.73 2.75 2.76 2.78 2.80 2.82 2.84 2.86 2.88 2.90 2.92 2.94 2.95 2.97 2.99 3.01 3.03 3.05 3.07 3.09 3.10 3.12 3.14 3.16 3.17
3.57 3.49 3.42 3.34 3.27 3.20 3.15 3.10 3.05 3.00 2.95 2.90 2.85 2.80 2.75 2.72 2.70 2.67 2.65 2.63 2.61 2.59 2.56 2.54 2.52 2.51 2.50 2.50 2.49 2.49 2.49 2.48 2.48 2.48 2.47 2.47 2.48 2.49 2.50 2.51 2.51 2.52 2.53 2.54 2.54 2.56 2.57 2.59 2.60 2.62 2.63 2.65 2.66 2.68 2.70 2.71 2.73 2.75 2.77 2.79 2.81 2.83 2.85 2.87 2.88 2.90 2.92 2.94 2.96 2.98 3.00 3.02 3.04 3.05 3.07 3.09 3.11 3.12 3.14 3.16
3.52 3.45 3.37 3.30 3.23 3.16 3.11 3.06 3.02 2.97 2.92 2.87 2.82 2.77 2.72 2.69 2.66 2.64 2.62 2.60 2.58 2.56 2.53 2.51 2.49 2.48 2.48 2.47 2.47 2.47 2.46 2.46 2.46 2.45 2.45 2.45 2.46 2.47 2.48 2.49 2.50 2.50 2.51 2.52 2.53 2.54 2.56 2.57 2.59 2.61 2.62 2.64 2.65 2.67 2.68 2.70 2.72 2.74 2.76 2.78 2.80 2.82 2.84 2.85 2.87 2.89 2.91 2.93 2.95 2.97 2.99 3.01 3.02 3.04 3.06 3.08 3.10 3.11 3.13 3.15
3.48 3.40 3.33 3.25 3.18 3.12 3.07 3.02 2.97 2.92 2.88 2.83 2.78 2.73 2.68 2.65 2.63 2.61 2.59 2.57 2.55 2.53 2.50 2.48 2.46 2.45 2.45 2.45 2.45 2.44 2.44 2.44 2.44 2.43 2.43 2.44 2.44 2.45 2.46 2.47 2.48 2.49 2.50 2.51 2.52 2.53 2.55 2.56 2.58 2.59 2.61 2.63 2.64 2.66 2.67 2.69 2.71 2.73 2.75 2.77 2.79 2.81 2.83 2.85 2.87 2.88 2.90 2.92 2.94 2.96 2.98 3.00 3.02 3.03 3.05 3.07 3.09 3.10 3.12 3.14
3.43 3.36 3.28 3.21 3.13 3.07 3.02 2.98 2.93 2.88 2.84 2.79 2.74 2.69 2.65 2.61 2.59 2.57 2.55 2.53 2.51 2.49 2.47 2.46 2.44 2.42 2.42 2.42 2.42 2.42 2.42 2.42 2.41 2.41 2.41 2.42 2.43 2.44 2.45 2.45 2.46 2.47 2.48 2.49 2.50 2.52 2.53 2.55 2.57 2.58 2.60 2.62 2.63 2.65 2.66 2.68 2.70 2.72 2.74 2.76 2.78 2.80 2.82 2.84 2.86 2.88 2.89 2.91 2.93 2.95 2.97 2.99 3.01 3.03 3.04 3.06 3.08 3.10 3.11 3.13
3.38 3.31 3.24 3.16 3.09 3.03 2.98 2.93 2.89 2.84 2.79 2.75 2.70 2.66 2.61 2.58 2.56 2.54 2.52 2.50 2.48 2.46 2.44 2.43 2.41 2.40 2.40 2.40 2.40 2.40 2.39 2.39 2.39 2.39 2.39 2.40 2.41 2.42 2.43 2.44 2.45 2.46 2.47 2.48 2.49 2.50 2.52 2.54 2.55 2.57 2.59 2.60 2.62 2.64 2.66 2.67 2.69 2.71 2.73 2.75 2.77 2.79 2.81 2.83 2.85 2.87 2.89 2.90 2.92 2.94 2.96 2.98 3.00 3.02 3.04 3.05 3.07 3.09 3.10 3.12
3.34 3.26 3.19 3.12 3.04 2.98 2.94 2.89 2.84 2.80 2.75 2.71 2.66 2.62 2.57 2.54 2.52 2.50 2.49 2.47 2.45 2.43 2.42 2.40 2.38 2.37 2.37 2.37 2.37 2.37 2.37 2.37 2.37 2.37 2.37 2.38 2.39 2.40 2.41 2.42 2.43 2.44 2.45 2.47 2.48 2.49 2.51 2.52 2.54 2.56 2.58 2.59 2.61 2.63 2.65 2.66 2.68 2.70 2.72 2.74 2.76 2.78 2.80 2.82 2.84 2.86 2.88 2.90 2.92 2.93 2.95 2.97 2.99 3.01 3.03 3.05 3.06 3.08 3.09 3.11
3.29 3.22 3.14 3.07 2.99 2.94 2.89 2.85 2.80 2.76 2.71 2.67 2.62 2.58 2.53 2.50 2.49 2.47 2.45 2.44 2.42 2.40 2.39 2.37 2.35 2.34 2.34 2.35 2.35 2.35 2.35 2.35 2.35 2.35 2.35 2.36 2.37 2.38 2.39 2.40 2.42 2.43 2.44 2.45 2.46 2.48 2.49 2.51 2.53 2.55 2.57 2.58 2.60 2.62 2.64 2.65 2.67 2.69 2.71 2.73 2.75 2.77 2.79 2.81 2.83 2.85 2.87 2.89 2.91 2.93 2.94 2.96 2.98 3.00 3.02 3.04 3.05 3.07 3.08 3.10
3.24 3.17 3.10 3.02 2.95 2.89 2.85 2.80 2.76 2.72 2.67 2.63 2.58 2.54 2.50 2.47 2.45 2.43 2.42 2.40 2.39 2.37 2.36 2.34 2.32 2.32 2.32 2.32 2.32 2.32 2.33 2.33 2.33 2.33 2.33 2.34 2.35 2.36 2.38 2.39 2.40 2.41 2.42 2.44 2.45 2.46 2.48 2.50 2.52 2.54 2.55 2.57 2.59 2.61 2.63 2.64 2.66 2.68 2.70 2.72 2.74 2.76 2.78 2.80 2.82 2.84 2.86 2.88 2.90 2.92 2.94 2.95 2.97 2.99 3.01 3.03 3.04 3.06 3.08 3.09
3.20 3.12 3.05 2.98 2.90 2.84 2.80 2.76 2.72 2.67 2.63 2.59 2.54 2.50 2.46 2.43 2.42 2.40 2.39 2.37 2.36 2.34 2.33 2.31 2.30 2.29 2.29 2.29 2.30 2.30 2.30 2.30 2.31 2.31 2.31 2.32 2.33 2.35 2.36 2.37 2.38 2.40 2.41 2.42 2.44 2.45 2.47 2.49 2.51 2.52 2.54 2.56 2.58 2.60 2.62 2.63 2.65 2.67 2.69 2.71 2.73 2.75 2.77 2.79 2.81 2.83 2.85 2.87 2.89 2.91 2.93 2.95 2.96 2.98 3.00 3.02 3.03 3.05 3.07 3.08
3.15 3.08 3.00 2.93 2.86 2.80 2.76 2.72 2.67 2.63 2.59 2.55 2.51 2.46 2.42 2.39 2.38 2.37 2.35 2.34 2.32 2.31 2.30 2.28 2.27 2.26 2.27 2.27 2.27 2.28 2.28 2.28 2.29 2.29 2.29 2.30 2.31 2.33 2.34 2.35 2.37 2.38 2.40 2.41 2.42 2.44 2.46 2.48 2.49 2.51 2.53 2.55 2.57 2.59 2.61 2.63 2.65 2.67 2.69 2.71 2.73 2.75 2.77 2.79 2.81 2.83 2.84 2.86 2.88 2.90 2.92 2.94 2.96 2.97 2.99 3.01 3.03 3.04 3.06 3.07
3.11 3.03 2.96 2.88 2.81 2.75 2.71 2.67 2.63 2.59 2.55 2.51 2.47 2.43 2.38 2.36 2.34 2.33 2.32 2.30 2.29 2.28 2.27 2.25 2.24 2.23 2.24 2.24 2.25 2.25 2.26 2.26 2.26 2.27 2.27 2.28 2.30 2.31 2.32 2.34 2.35 2.37 2.38 2.39 2.41 2.42 2.44 2.46 2.48 2.50 2.52 2.54 2.56 2.58 2.60 2.62 2.64 2.66 2.68 2.70 2.72 2.74 2.76 2.78 2.80 2.82 2.84 2.85 2.87 2.89 2.91 2.93 2.95 2.97 2.98 3.00 3.02 3.03 3.05 3.06
3.05 2.98 2.91 2.83 2.76 2.70 2.66 2.62 2.58 2.54 2.50 2.46 2.42 2.38 2.34 2.32 2.31 2.29 2.28 2.27 2.26 2.25 2.23 2.22 2.21 2.21 2.21 2.22 2.22 2.23 2.23 2.24 2.24 2.25 2.25 2.26 2.28 2.29 2.31 2.32 2.34 2.35 2.37 2.38 2.40 2.41 2.43 2.45 2.47 2.49 2.51 2.53 2.55 2.57 2.59 2.61 2.63 2.65 2.67 2.69 2.71 2.73 2.75 2.77 2.79 2.81 2.83 2.85 2.87 2.89 2.90 2.92 2.94 2.96 2.98 3.00 3.01 3.03 3.04 3.06
3.00 2.93 2.85 2.78 2.70 2.65 2.61 2.57 2.53 2.49 2.45 2.42 2.38 2.34 2.30 2.28 2.27 2.26 2.24 2.23 2.22 2.21 2.20 2.19 2.18 2.18 2.19 2.19 2.20 2.21 2.21 2.22 2.22 2.23 2.24 2.25 2.26 2.28 2.29 2.31 2.32 2.34 2.36 2.37 2.39 2.40 2.42 2.44 2.46 2.48 2.50 2.52 2.54 2.56 2.58 2.60 2.62 2.64 2.66 2.69 2.71 2.73 2.75 2.77 2.79 2.81 2.83 2.84 2.86 2.88 2.90 2.92 2.94 2.96 2.97 2.99 3.01 3.02 3.04 3.05
2.95 2.87 2.80 2.72 2.65 2.59 2.55 2.52 2.48 2.44 2.41 2.37 2.33 2.29 2.26 2.23 2.23 2.22 2.21 2.20 2.19 2.18 2.17 2.16 2.16 2.15 2.16 2.17 2.18 2.18 2.19 2.20 2.20 2.21 2.22 2.23 2.25 2.26 2.28 2.30 2.31 2.33 2.34 2.36 2.38 2.39 2.41 2.44 2.46 2.48 2.50 2.52 2.54 2.56 2.58 2.60 2.62 2.64 2.66 2.68 2.70 2.72 2.74 2.76 2.78 2.80 2.82 2.84 2.86 2.88 2.90 2.92 2.93 2.95 2.97 2.99 3.00 3.02 3.03 3.05
2.89 2.82 2.74 2.67 2.59 2.53 2.50 2.46 2.43 2.39 2.36 2.32 2.29 2.25 2.21 2.19 2.19 2.18 2.17 2.16 2.16 2.15 2.14 2.13 2.13 2.13 2.14 2.14 2.15 2.16 2.17 2.18 2.19 2.19 2.20 2.21 2.23 2.25 2.27 2.28 2.30 2.32 2.33 2.35 2.37 2.38 2.41 2.43 2.45 2.47 2.49 2.51 2.53 2.55 2.57 2.59 2.61 2.63 2.66 2.68 2.70 2.72 2.74 2.76 2.78 2.80 2.82 2.84 2.86 2.87 2.89 2.91 2.93 2.95 2.97 2.98 3.00 3.01 3.03 3.04
2.84 2.76 2.68 2.61 2.53 2.48 2.44 2.41 2.38 2.34 2.31 2.27 2.24 2.20 2.17 2.15 2.14 2.14 2.13 2.13 2.12 2.12 2.11 2.10 2.10 2.10 2.11 2.12 2.13 2.14 2.15 2.16 2.17 2.18 2.18 2.20 2.22 2.23 2.25 2.27 2.29 2.30 2.32 2.34 2.36 2.38 2.40 2.42 2.44 2.46 2.48 2.50 2.52 2.55 2.57 2.59 2.61 2.63 2.65 2.67 2.69 2.71 2.74 2.76 2.78 2.80 2.82 2.83 2.85 2.87 2.89 2.91 2.93 2.94 2.96 2.98 2.99 3.01 3.02 3.04
2.78 2.71 2.63 2.55 2.48 2.42 2.39 2.36 2.32 2.29 2.26 2.23 2.19 2.16 2.13 2.11 2.10 2.10 2.10 2.09 2.09 2.08 2.08 2.08 2.07 2.07 2.08 2.10 2.11 2.12 2.13 2.14 2.15 2.16 2.17 2.18 2.20 2.22 2.24 2.25 2.27 2.29 2.31 2.33 2.35 2.37 2.39 2.41 2.43 2.45 2.47 2.50 2.52 2.54 2.56 2.58 2.60 2.63 2.65 2.67 2.69 2.71 2.73 2.75 2.77 2.79 2.81 2.83 2.85 2.87 2.89 2.90 2.92 2.94 2.96 2.98 2.99 3.00 3.02 3.03
2.73 2.65 2.57 2.50 2.42 2.37 2.34 2.30 2.27 2.24 2.21 2.18 2.15 2.12 2.08 2.07 2.06 2.06 2.06 2.06 2.05 2.05 2.05 2.05 2.04 2.05 2.06 2.07 2.08 2.09 2.10 2.12 2.13 2.14 2.15 2.17 2.18 2.20 2.22 2.24 2.26 2.28 2.30 2.32 2.34 2.36 2.38 2.40 2.42 2.44 2.47 2.49 2.51 2.53 2.56 2.58 2.60 2.62 2.64 2.66 2.69 2.71 2.73 2.75 2.77 2.79 2.81 2.83 2.85 2.86 2.88 2.90 2.92 2.94 2.96 2.97 2.99 3.00 3.01 3.03
2.67 2.60 2.52 2.44 2.36 2.31 2.28 2.25 2.22 2.19 2.16 2.13 2.10 2.07 2.04 2.02 2.02 2.02 2.02 2.02 2.02 2.02 2.02 2.02 2.02 2.02 2.03 2.05 2.06 2.07 2.08 2.10 2.11 2.12 2.13 2.15 2.17 2.19 2.21 2.23 2.25 2.27 2.29 2.31 2.33 2.35 2.37 2.39 2.41 2.44 2.46 2.48 2.50 2.53 2.55 2.57 2.59 2.62 2.64 2.66 2.68 2.70 2.72 2.75 2.77 2.79 2.81 2.82 2.84 2.86 2.88 2.90 2.91 2.93 2.95 2.97 2.98 3.00 3.01 3.02
2.62 2.54 2.46 2.39 2.31 2.25 2.23 2.20 2.17 2.14 2.11 2.08 2.05 2.03 2.00 1.98 1.98 1.98 1.98 1.99 1.99 1.99 1.99 1.99 1.99 1.99 2.01 2.02 2.03 2.05 2.06 2.08 2.09 2.10 2.12 2.13 2.15 2.17 2.19 2.21 2.23 2.25 2.27 2.30 2.32 2.34 2.36 2.38 2.41 2.43 2.45 2.48 2.50 2.52 2.54 2.57 2.59 2.61 2.63 2.65 2.68 2.70 2.72 2.74 2.76 2.78 2.80 2.82 2.84 2.86 2.87 2.89 2.91 2.93 2.95 2.96 2.98 2.99 3.01 3.02
2.56 2.48 2.41 2.33 2.25 2.20 2.17 2.14 2.12 2.09 2.06 2.04 2.01 1.98 1.95 1.94 1.94 1.95 1.95 1.95 1.95 1.95 1.96 1.96 1.96 1.97 1.98 2.00 2.01 2.03 2.04 2.05 2.07 2.08 2.10 2.12 2.14 2.16 2.18 2.20 2.22 2.24 2.26 2.28 2.31 2.33 2.35 2.37 2.40 2.42 2.45 2.47 2.49 2.52 2.54 2.56 2.58 2.61 2.63 2.65 2.67 2.69 2.72 2.74 2.76 2.78 2.80 2.82 2.84 2.85 2.87 2.89 2.91 2.93 2.94 2.96 2.97 2.99 3.00 3.01
2.51 2.43 2.35 2.27 2.19 2.14 2.11 2.09 2.06 2.04 2.01 1.99 1.96 1.94 1.92 1.90 1.91 1.91 1.92 1.92 1.92 1.93 1.93 1.93 1.94 1.95 1.96 1.98 1.99 2.01 2.02 2.04 2.05 2.07 2.08 2.10 2.12 2.15 2.17 2.19 2.21 2.23 2.25 2.28 2.30 2.32 2.34 2.37 2.39 2.42 2.44 2.46 2.49 2.51 2.54 2.56 2.58 2.60 2.63 2.65 2.67 2.69 2.72 2.74 2.76 2.78 2.80 2.82 2.83 2.85 2.87 2.89 2.91 2.92 2.94 2.96 2.97 2.98 3.00 3.01
2.45 2.37 2.29 2.20 2.12 2.07 2.05 2.03 2.01 1.99 1.97 1.94 1.92 1.90 1.88 1.87 1.88 1.88 1.89 1.89 1.90 1.90 1.91 1.91 1.92 1.93 1.94 1.96 1.98 1.99 2.01 2.02 2.04 2.06 2.07 2.09 2.11 2.14 2.16 2.18 2.20 2.22 2.25 2.27 2.29 2.32 2.34 2.36 2.39 2.41 2.44 2.46 2.49 2.51 2.54 2.56 2.58 2.60 2.63 2.65 2.67 2.69 2.72 2.74 2.76 2.78 2.80 2.82 2.84 2.85 2.87 2.89 2.91 2.92 2.94 2.96 2.97 2.98 3.00 3.01
2.40 2.31 2.23 2.14 2.06 2.00 1.99 1.97 1.95 1.93 1.92 1.90 1.88 1.86 1.85 1.84 1.85 1.85 1.86 1.87 1.87 1.88 1.88 1.89 1.90 1.91 1.93 1.94 1.96 1.98 1.99 2.01 2.03 2.04 2.06 2.08 2.10 2.13 2.15 2.17 2.19 2.22 2.24 2.26 2.29 2.31 2.34 2.36 2.38 2.41 2.43 2.46 2.48 2.51 2.53 2.56 2.58 2.60 2.63 2.65 2.67 2.70 2.72 2.74 2.76 2.78 2.80 2.82 2.84 2.85 2.87 2.89 2.91 2.93 2.94 2.96 2.97 2.98 3.00 3.01
2.34 2.25 2.16 2.08 1.99 1.94 1.92 1.91 1.90 1.88 1.87 1.85 1.84 1.83 1.81 1.81 1.82 1.83 1.83 1.84 1.85 1.86 1.86 1.87 1.88 1.89 1.91 1.93 1.94 1.96 1.98 2.00 2.01 2.03 2.05 2.07 2.09 2.12 2.14 2.16 2.19 2.21 2.23 2.26 2.28 2.30 2.33 2.36 2.38 2.41 2.43 2.46 2.48 2.51 2.53 2.56 2.58 2.60 2.63 2.65 2.67 2.70 2.72 2.74 2.77 2.79 2.80 2.82 2.84 2.86 2.87 2.89 2.91 2.93 2.94 2.96 2.97 2.98 3.00 3.01
2.28 2.19 2.10 2.01 1.92 1.87 1.86 1.85 1.84 1.83 1.82 1.81 1.80 1.79 1.78 1.78 1.79 1.80 1.81 1.81 1.82 1.83 1.84 1.85 1.86 1.87 1.89 1.91 1.93 1.95 1.96 1.98 2.00 2.02 2.04 2.06 2.08 2.11 2.13 2.15 2.18 2.20 2.23 2.25 2.27 2.30 2.33 2.35 2.38 2.40 2.43 2.46 2.48 2.51 2.53 2.56 2.58 2.60 2.63 2.65 2.67 2.70 2.72 2.74 2.77 2.79 2.81 2.82 2.84 2.86 2.87 2.89 2.91 2.93 2.94 2.96 2.97 2.98 2.99 3.01
2.23 2.13 2.04 1.95 1.85 1.80 1.80 1.79 1.78 1.78 1.77 1.77 1.76 1.75 1.75 1.75 1.76 1.77 1.78 1.79 1.80 1.81 1.82 1.83 1.84 1.85 1.87 1.89 1.91 1.93 1.95 1.97 1.99 2.01 2.03 2.05 2.07 2.10 2.12 2.15 2.17 2.20 2.22 2.24 2.27 2.29 2.32 2.35 2.37 2.40 2.43 2.45 2.48 2.51 2.53 2.56 2.58 2.61 2.63 2.65 2.68 2.70 2.72 2.75 2.77 2.79 2.81 2.82 2.84 2.86 2.88 2.89 2.91 2.93 2.94 2.96 2.97 2.98 2.99 3.01
2.17 2.08 1.98 1.88 1.79 1.74 1.73 1.73 1.73 1.73 1.72 1.72 1.72 1.71 1.71 1.72 1.73 1.74 1.75 1.76 1.77 1.78 1.80 1.81 1.82 1.84 1.86 1.88 1.89 1.91 1.93 1.95 1.97 1.99 2.01 2.04 2.06 2.09 2.11 2.14 2.16 2.19 2.21 2.24 2.26 2.29 2.32 2.34 2.37 2.40 2.42 2.45 2.48 2.51 2.53 2.56 2.58 2.61 2.63 2.65 2.68 2.70 2.72 2.75 2.77 2.79 2.81 2.83 2.84 2.86 2.88 2.89 2.91 2.93 2.94 2.96 2.97 2.98 2.99 3.00
2.12 2.02 1.92 1.82 1.72 1.67 1.67 1.67 1.67 1.67 1.67 1.68 1.68 1.68 1.68 1.68 1.70 1.71 1.72 1.74 1.75 1.76 1.77 1.79 1.80 1.82 1.84 1.86 1.88 1.90 1.92 1.94 1.96 1.98 2.00 2.03 2.05 2.08 2.10 2.13 2.15 2.18 2.21 2.23 2.26 2.28 2.31 2.34 2.37 2.39 2.42 2.45 2.48 2.50 2.53 2.56 2.58 2.61 2.63 2.65 2.68 2.70 2.73 2.75 2.77 2.79 2.81 2.83 2.84 2.86 2.88 2.89 2.91 2.93 2.95 2.96 2.97 2.98 2.99 3.00
2.06 1.96 1.86 1.75 1.65 1.60 1.61 1.61 1.62 1.62 1.63 1.63 1.63 1.64 1.64 1.65 1.67 1.68 1.70 1.71 1.72 1.74 1.75 1.77 1.78 1.80 1.82 1.84 1.86 1.88 1.91 1.93 1.95 1.97 1.99 2.02 2.04 2.07 2.09 2.12 2.15 2.17 2.20 2.23 2.25 2.28 2.31 2.34 2.36 2.39 2.42 2.45 2.48 2.50 2.53 2.56 2.58 2.61 2.63 2.65 2.68 2.70 2.73 2.75 2.78 2.80 2.81 2.83 2.85 2.86 2.88 2.90 2.91 2.93 2.95 2.96 2.97 2.98 2.99 3.00
2.00 1.90 1.79 1.69 1.59 1.54 1.55 1.55 1.56 1.57 1.58 1.59 1.59 1.60 1.61 1.62 1.64 1.65 1.67 1.68 1.70 1.71 1.73 1.75 1.76 1.78 1.80 1.82 1.85 1.87 1.89 1.91 1.94 1.96 1.98 2.00 2.03 2.06 2.09 2.11 2.14 2.17 2.19 2.22 2.25 2.27 2.30 2.33 2.36 2.39 2.42 2.45 2.47 2.50 2.53 2.56 2.58 2.61 2.63 2.65 2.68 2.70 2.73 2.75 2.78 2.80 2.81 2.83 2.85 2.86 2.88 2.90 2.91 2.93 2.95 2.96 2.97 2.98 2.99 3.00
1.98 1.88 1.77 1.67 1.57 1.52 1.53 1.54 1.54 1.55 1.56 1.57 1.58 1.59 1.59 1.61 1.62 1.64 1.65 1.67 1.69 1.70 1.72 1.73 1.75 1.77 1.79 1.81 1.84 1.86 1.88 1.90 1.93 1.95 1.97 2.00 2.02 2.05 2.08 2.11 2.13 2.16 2.19 2.22 2.24 2.27 2.30 2.33 2.36 2.39 2.42 2.45 2.47 2.50 2.53 2.56 2.58 2.61 2.63 2.66 2.68 2.71 2.73 2.76 2.78 2.80 2.82 2.83 2.85 2.87 2.88 2.90 2.92 2.93 2.95 2.96 2.97 2.98 2.99 3.00
2.00 1.90 1.80 1.69 1.59 1.55 1.55 1.56 1.56 1.57 1.57 1.58 1.59 1.59 1.60 1.61 1.62 1.64 1.65 1.67 1.68 1.70 1.71 1.73 1.74 1.76 1.79 1.81 1.83 1.85 1.88 1.90 1.92 1.94 1.97 1.99 2.02 2.05 2.07 2.10 2.13 2.16 2.19 2.21 2.24 2.27 2.30 2.33 2.36 2.39 2.42 2.45 2.48 2.51 2.54 2.56 2.59 2.61 2.64 2.66 2.69 2.71 2.74 2.76 2.79 2.81 2.83 2.84 2.86 2.87 2.89 2.90 2.92 2.94 2.95 2.96 2.97 2.98 2.99 3.00
2.01 1.91 1.82 1.72 1.62 1.58 1.58 1.58 1.58 1.59 1.59 1.59 1.59 1.60 1.60 1.61 1.62 1.64 1.65 1.67 1.68 1.70 1.71 1.73 1.74 1.76 1.78 1.80 1.83 1.85 1.87 1.89 1.92 1.94 1.96 1.99 2.01 2.04 2.07 2.10 2.13 2.15 2.18 2.21 2.24 2.27 2.30 2.33 2.36 2.39 2.42 2.45 2.48 2.51 2.54 2.57 2.59 2.62 2.64 2.67 2.69 2.72 2.75 2.77 2.80 2.82 2.83 2.85 2.86 2.88 2.89 2.91 2.92 2.94 2.95 2.97 2.97 2.98 2.99 3.00
2.02 1.93 1.84 1.74 1.65 1.60 1.60 1.60 1.60 1.60 1.60 1.60 1.60 1.60 1.60 1.61 1.62 1.64 1.65 1.66 1.68 1.69 1.71 1.72 1.74 1.75 1.78 1.80 1.82 1.84 1.87 1.89 1.91 1.93 1.96 1.98 2.01 2.04 2.07 2.09 2.12 2.15 2.18 2.21 2.24 2.27 2.30 2.33 2.36 2.39 2.42 2.45 2.48 2.51 2.54 2.57 2.60 2.62 2.65 2.67 2.70 2.73 2.75 2.78 2.80 2.82 2.84 2.85 2.87 2.88 2.90 2.91 2.93 2.94 2.96 2.97 2.98 2.98 2.99 3.00
2.04 1.95 1.86 1.77 1.68 1.63 1.63 1.63 1.62 1.62 1.62 1.61 1.61 1.61 1.60 1.61 1.62 1.64 1.65 1.66 1.68 1.69 1.70 1.72 1.73 1.75 1.77 1.79 1.82 1.84 1.86 1.88 1.91 1.93 1.95 1.98 2.01 2.03 2.06 2.09 2.12 2.15 2.18 2.21 2.23 2.26 2.30 2.33 2.36 2.39 2.42 2.45 2.48 2.51 2.54 2.57 2.60 2.63 2.65 2.68 2.71 2.73 2.76 2.79 2.81 2.83 2.85 2.86 2.88 2.89 2.90 2.92 2.93 2.95 2.96 2.97 2.98 2.99 2.99 3.00
2.05 1.96 1.88 1.79 1.71 1.66 1.65 1.65 1.64 1.64 1.63 1.62 1.62 1.61 1.61 1.61 1.62 1.64 1.65 1.66 1.67 1.69 1.70 1.71 1.73 1.74 1.77 1.79 1.81 1.83 1.86 1.88 1.90 1.92 1.95 1.97 2.00 2.03 2.06 2.09 2.12 2.15 2.17 2.20 2.23 2.26 2.29 2.33 2.36 2.39 2.42 2.45 2.48 2.52 2.55 2.58 2.60 2.63 2.66 2.68 2.71 2.74 2.77 2.79 2.82 2.84 2.85 2.87 2.88 2.89 2.91 2.92 2.94 2.95 2.96 2.97 2.98 2.99 2.99 3.00
2.06 1.98 1.90 1.82 1.73 1.69 1.68 1.67 1.66 1.65 1.64 1.64 1.63 1.62 1.61 1.61 1.62 1.64 1.65 1.66 1.67 1.68 1.70 1.71 1.72 1.74 1.76 1.78 1.81 1.83 1.85 1.87 1.90 1.92 1.94 1.97 2.00 2.03 2.05 2.08 2.11 2.14 2.17 2.20 2.23 2.26 2.29 2.32 2.36 2.39 2.42 2.45 2.49 2.52 2.55 2.58 2.61 2.64 2.66 2.69 2.72 2.74 2.77 2.80 2.83 2.85 2.86 2.87 2.89 2.90 2.91 2.93 2.94 2.95 2.97 2.98 2.98 2.99 3.00 3.00
2.08 2.00 1.92 1.84 1.76 1.72 1.70 1.69 1.68 1.67 1.66 1.65 1.63 1.62 1.61 1.61 1.62 1.63 1.65 1.66 1.67 1.68 1.69 1.70 1.72 1.73 1.76 1.78 1.80 1.82 1.85 1.87 1.89 1.91 1.94 1.96 1.99 2.02 2.05 2.08 2.11 2.14 2.17 2.20 2.23 2.26 2.29 2.32 2.36 2.39 2.42 2.46 2.49 2.52 2.55 2.58 2.61 2.64 2.67 2.70 2.72 2.75 2.78 2.81 2.83 2.85 2.87 2.88 2.89 2.91 2.92 2.93 2.94 2.96 2.97 2.98 2.98 2.99 3.00 3.00
2.09 2.01 1.94 1.86 1.79 1.74 1.73 1.72 1.70 1.69 1.67 1.66 1.64 1.63 1.61 1.61 1.62 1.63 1.65 1.66 1.67 1.68 1.69 1.70 1.71 1.73 1.75 1.77 1.80 1.82 1.84 1.86 1.89 1.91 1.93 1.96 1.99 2.02 2.05 2.08 2.11 2.14 2.17 2.20 2.23 2.26 2.29 2.32 2.36 2.39 2.42 2.46 2.49 2.52 2.56 2.59 2.62 2.64 2.67 2.70 2.73 2.76 2.79 2.81 2.84 2.86 2.87 2.89 2.90 2.91 2.92 2.94 2.95 2.96 2.97 2.98 2.99 2.99 3.00 3.00
2.10 2.03 1.96 1.89 1.82 1.77 1.76 1.74 1.72 1.70 1.69 1.67 1.65 1.63 1.62 1.61 1.62 1.63 1.64 1.65 1.67 1.68 1.69 1.70 1.71 1.72 1.75 1.77 1.79 1.81 1.84 1.86 1.88 1.90 1.93 1.95 1.98 2.01 2.04 2.07 2.10 2.13 2.16 2.19 2.22 2.25 2.29 2.32 2.36 2.39 2.42 2.46 2.49 2.53 2.56 2.59 2.62 2.65 2.68 2.71 2.73 2.76 2.79 2.82 2.85 2.87 2.88 2.89 2.91 2.92 2.93 2.94 2.95 2.96 2.98 2.98 2.99 2.99 3.00 3.00
2.12 2.05 1.98 1.91 1.84 1.80 1.78 1.76 1.74 1.72 1.70 1.68 1.66 1.64 1.62 1.62 1.63 1.64 1.65 1.66 1.67 1.68 1.69 1.70 1.71 1.72 1.74 1.77 1.79 1.81 1.83 1.85 1.88 1.90 1.92 1.95 1.98 2.01 2.04 2.07 2.10 2.13 2.16 2.19 2.22 2.25 2.29 2.32 2.35 2.39 2.42 2.46 2.49 2.53 2.56 2.59 2.62 2.65 2.68 2.71 2.74 2.77 2.80 2.83 2.86 2.88 2.89 2.90 2.91 2.92 2.93 2.94 2.96 2.97 2.98 2.98 2.99 2.99 3.00 3.00
2.13 2.06 1.99 1.93 1.86 1.81 1.79 1.77 1.75 1.73 1.71 1.69 1.68 1.66 1.64 1.63 1.64 1.65 1.66 1.66 1.67 1.68 1.69 1.70 1.71 1.72 1.74 1.77 1.79 1.81 1.83 1.85 1.88 1.90 1.92 1.94 1.98 2.01 2.04 2.07 2.10 2.13 2.16 2.19 2.22 2.25 2.28 2.32 2.35 2.39 2.42 2.46 2.49 2.53 2.56 2.59 2.62 2.65 2.69 2.72 2.75 2.78 2.81 2.84 2.87 2.89 2.90 2.91 2.92 2.93 2.94 2.95 2.96 2.97 2.98 2.98 2.99 2.99 2.99 3.00
2.14 2.08 2.01 1.94 1.88 1.83 1.81 1.79 1.77 1.75 1.73 1.71 1.69 1.67 1.65 1.64 1.65 1.66 1.66 1.67 1.68 1.69 1.69 1.70 1.71 1.72 1.75 1.77 1.79 1.81 1.83 1.85 1.87 1.89 1.92 1.94 1.97 2.00 2.03 2.06 2.09 2.12 2.15 2.18 2.21 2.24 2.28 2.31 2.35 2.38 2.42 2.45 2.49 2.52 2.56 2.59 2.63 2.66 2.69 2.72 2.75 2.79 2.82 2.85 2.88 2.90 2.91 2.92 2.93 2.94 2.94 2.95 2.96 2.97 2.97 2.98 2.98 2.99 2.99 2.99
2.15 2.09 2.02 1.96 1.89 1.85 1.83 1.81 1.79 1.77 1.74 1.72 1.70 1.68 1.66 1.65 1.66 1.66 1.67 1.68 1.68 1.69 1.70 1.71 1.71 1.73 1.75 1.77 1.79 1.81 1.83 1.85 1.87 1.89 1.91 1.94 1.97 2.00 2.03 2.06 2.09 2.12 2.15 2.18 2.21 2.24 2.28 2.31 2.35 2.38 2.42 2.45 2.49 2.52 2.56 2.59 2.63 2.66 2.69 2.73 2.76 2.80 2.83 2.86 2.90 2.92 2.92 2.93 2.94 2.94 2.95 2.95 2.96 2.97 2.97 2.98 2.98 2.98 2.98 2.99
2.17 2.10 2.04 1.98 1.91 1.87 1.85 1.82 1.80 1.78 1.76 1.74 1.71 1.69 1.67 1.66 1.67 1.67 1.68 1.69 1.69 1.70 1.70 1.71 1.71 1.73 1.75 1.77 1.79 1.81 1.83 1.85 1.87 1.89 1.91 1.94 1.97 2.00 2.03 2.05 2.08 2.11 2.14 2.17 2.20 2.24 2.27 2.31 2.34 2.38 2.41 2.45 2.49 2.52 2.56 2.59 2.63 2.66 2.70 2.73 2.77 2.80 2.84 2.87 2.91 2.93 2.93 2.94 2.94 2.95 2.95 2.96 2.96 2.97 2.97 2.97 2.98 2.98 2.98 2.98
2.18 2.12 2.05 1.99 1.93 1.89 1.86 1.84 1.82 1.80 1.77 1.75 1.73 1.70 1.68 1.67 1.68 1.68 1.69 1.69 1.70 1.70 1.71 1.71 1.72 1.73 1.75 1.77 1.79 1.81 1.83 1.85 1.87 1.89 1.91 1.93 1.96 1.99 2.02 2.05 2.08 2.11 2.14 2.17 2.20 2.23 2.27 2.30 2.34 2.38 2.41 2.45 2.48 2.52 2.56 2.59 2.63 2.67 2.70 2.74 2.78 2.81 2.85 2.89 2.92 2.94 2.94 2.95 2.95 2.95 2.96 2.96 2.96 2.97 2.97 2.97 2.97 2.97 2.98 2.98
2.19 2.13 2.07 2.01 1.95 1.90 1.88 1.86 1.83 1.81 1.79 1.76 1.74 1.72 1.69 1.68 1.69 1.69 1.70 1.70 1.70 1.71 1.71 1.71 1.72 1.73 1.75 1.77 1.79 1.81 1.83 1.85 1.87 1.89 1.90 1.93 1.96 1.99 2.02 2.05 2.08 2.11 2.14 2.17 2.20 2.23 2.27 2.30 2.34 2.37 2.41 2.45 2.48 2.52 2.55 2.59 2.63 2.67 2.71 2.74 2.78 2.82 2.86 2.90 2.93 2.95 2.96 2.96 2.96 2.96 2.96 2.96 2.96 2.97 2.97 2.97 2.97 2.97 2.97 2.97
2.21 2.15 2.08 2.02 1.96 1.92 1.90 1.87 1.85 1.83 1.80 1.78 1.75 1.73 1.71 1.69 1.70 1.70 1.70 1.71 1.71 1.71 1.71 1.72 1.72 1.73 1.75 1.77 1.79 1.81 1.83 1.85 1.86 1.88 1.90 1.93 1.96 1.99 2.01 2.04 2.07 2.10 2.13 2.16 2.19 2.23 2.26 2.30 2.33 2.37 2.41 2.44 2.48 2.52 2.55 2.59 2.63 2.67 2.71 2.75 2.79 2.83 2.87 2.91 2.95 2.97 2.97 2.97 2.97 2.97 2.97 2.97 2.97 2.97 2.97 2.97 2.97 2.97 2.97 2.97
2.22 2.16 2.10 2.04 1.98 1.94 1.92 1.89 1.87 1.84 1.82 1.79 1.77 1.74 1.72 1.71 1.71 1.71 1.71 1.71 1.71 1.72 1.72 1.72 1.72 1.73 1.75 1.77 1.79 1.81 1.83 1.84 1.86 1.88 1.90 1.92 1.95 1.98 2.01 2.04 2.07 2.10 2.13 2.16 2.19 2.22 2.26 2.30 2.33 2.37 2.41 2.44 2.48 2.52 2.55 2.59 2.63 2.67 2.71 2.76 2.80 2.84 2.88 2.92 2.96 2.98 2.98 2.98 2.97 2.97 2.97 2.97 2.97 2.97 2.96 2.96 2.96 2.96 2.96 2.96
2.23 2.17 2.12 2.06 2.00 1.96 1.93 1.91 1.88 1.86 1.83 1.81 1.78 1.75 1.73 1.72 1.72 1.72 1.72 1.72 1.72 1.72 1.72 1.72 1.72 1.73 1.75 1.77 1.79 1.81 1.82 1.84 1.86 1.88 1.90 1.92 1.95 1.98 2.01 2.04 2.07 2.10 2.13 2.16 2.18 2.22 2.25 2.29 2.33 2.37 2.40 2.44 2.48 2.51 2.55 2.59 2.63 2.68 2.72 2.76 2.80 2.85 2.89 2.93 2.97 2.99 2.99 2.99 2.98 2.98 2.98 2.97 2.97 2.97 2.96 2.96 2.96 2.96 2.96 2.96
2.24 2.18 2.13 2.07 2.01 1.97 1.95 1.92 1.89 1.87 1.84 1.82 1.79 1.76 1.74 1.72 1.72 1.72 1.72 1.72 1.72 1.73 1.73 1.73 1.73 1.73 1.75 1.77 1.79 1.80 1.82 1.84 1.86 1.87 1.89 1.92 1.94 1.97 2.00 2.03 2.06 2.09 2.12 2.15 2.18 2.21 2.25 2.28 2.32 2.36 2.40 2.43 2.47 2.51 2.54 2.58 2.63 2.67 2.71 2.75 2.79 2.84 2.88 2.92 2.96 2.98 2.98 2.98 2.97 2.97 2.97 2.96 2.96 2.96 2.95 2.95 2.95 2.95 2.95 2.95
2.25 2.19 2.13 2.08 2.02 1.98 1.95 1.93 1.90 1.87 1.85 1.82 1.80 1.77 1.74 1.73 1.73 1.73 1.73 1.73 1.73 1.73 1.73 1.73 1.72 1.73 1.75 1.77 1.78 1.80 1.82 1.83 1.85 1.87 1.89 1.91 1.94 1.97 1.99 2.02 2.05 2.08 2.11 2.14 2.17 2.20 2.24 2.27 2.31 2.35 2.38 2.42 2.45 2.49 2.53 2.57 2.61 2.65 2.69 2.73 2.77 2.81 2.85 2.89 2.93 2.95 2.95 2.95 2.94 2.94 2.94 2.94 2.94 2.94 2.93 2.93 2.93 2.93 2.93 2.93
2.25 2.20 2.14 2.08 2.03 1.99 1.96 1.93 1.91 1.88 1.85 1.83 1.80 1.78 1.75 1.73 1.73 1.73 1.73 1.73 1.73 1.73 1.73 1.73 1.72 1.73 1.75 1.76 1.78 1.80 1.81 1.83 1.85 1.86 1.88 1.90 1.93 1.96 1.99 2.02 2.04 2.07 2.10 2.13 2.16 2.19 2.22 2.26 2.30 2.33 2.37 2.40 2.44 2.47 2.51 2.55 2.59 2.63 2.66 2.70 2.74 2.78 2.82 2.86 2.90 2.92 2.92 2.92 2.92 2.92 2.92 2.92 2.91 2.91 2.91 2.91 2.91 2.91 2.91 2.91
2.26 2.20 2.15 2.09 2.04 2.00 1.97 1.94 1.91 1.89 1.86 1.83 1.81 1.78 1.75 1.74 1.74 1.74 1.73 1.73 1.73 1.73 1.73 1.73 1.72 1.73 1.75 1.76 1.78 1.79 1.81 1.83 1.84 1.86 1.87 1.90 1.92 1.95 1.98 2.01 2.04 2.06 2.09 2.12 2.15 2.18 2.21 2.25 2.28 2.32 2.35 2.39 2.42 2.46 2.49 2.53 2.57 2.61 2.64 2.68 2.72 2.75 2.79 2.83 2.87 2.89 2.89 2.89 2.89 2.89 2.89 2.89 2.89 2.89 2.89 2.90 2.90 2.90 2.90 2.90
2.26 2.21 2.15 2.10 2.04 2.00 1.98 1.95 1.92 1.90 1.87 1.84 1.81 1.79 1.76 1.75 1.74 1.74 1.74 1.74 1.73 1.73 1.73 1.73 1.72 1.73 1.74 1.76 1.78 1.79 1.81 1.82 1.84 1.85 1.87 1.89 1.92 1.94 1.97 2.00 2.03 2.05 2.08 2.11 2.14 2.17 2.20 2.24 2.27 2.31 2.34 2.37 2.41 2.44 2.48 2.51 2.55 2.58 2.62 2.66 2.69 2.73 2.76 2.80 2.84 2.85 2.86 2.86 2.86 2.86 2.87 2.87 2.87 2.87 2.88 2.88 2.88 2.88 2.88 2.88
2.27 2.21 2.16 2.11 2.05 2.01 1.98 1.96 1.93 1.90 1.87 1.85 1.82 1.79 1.77 1.75 1.75 1.74 1.74 1.74 1.73 1.73 1.73 1.73 1.72 1.73 1.74 1.76 1.77 1.79 1.80 1.82 1.83 1.85 1.86 1.88 1.91 1.94 1.96 1.99 2.02 2.04 2.07 2.10 2.13 2.16 2.19 2.22 2.26 2.29 2.33 2.36 2.39 2.43 2.46 2.50 2.53 2.56 2.60 2.63 2.67 2.70 2.73 2.77 2.80 2.82 2.83 2.83 2.83 2.84 2.84 2.84 2.85 2.85 2.86 2.86 2.86 2.86 2.86 2.86
2.27 2.22 2.17 2.11 2.06 2.02 1.99 1.96 1.94 1.91 1.88 1.85 1.83 1.80 1.77 1.76 1.75 1.75 1.74 1.74 1.74 1.73 1.73 1.73 1.72 1.73 1.74 1.76 1.77 1.78 1.80 1.81 1.83 1.84 1.86 1.88 1.90 1.93 1.96 1.98 2.01 2.04 2.06 2.09 2.12 2.15 2.18 2.21 2.25 2.28 2.31 2.35 2.38 2.41 2.45 2.48 2.51 2.54 2.58 2.61 2.64 2.67 2.71 2.74 2.77 2.79 2.80 2.80 2.81 2.81 2.82 2.82 2.83 2.83 2.84 2.84 2.84 2.84 2.84 2.85
2.28 2.23 2.17 2.12 2.07 2.03 2.00 1.97 1.94 1.92 1.89 1.86 1.83 1.80 1.78 1.76 1.76 1.75 1.75 1.74 1.74 1.73 1.73 1.73 1.72 1.73 1.74 1.75 1.77 1.78 1.80 1.81 1.82 1.84 1.85 1.87 1.90 1.92 1.95 1.97 2.00 2.03 2.05 2.08 2.11 2.13 2.17 2.20 2.23 2.27 2.30 2.33 2.36 2.40 2.43 2.46 2.49 2.52 2.55 2.58 2.62 2.65 2.68 2.71 2.74 2.76 2.76 2.77 2.78 2.78 2.79 2.80 2.80 2.81 2.82 2.82 2.82 2.83 2.83 2.83
2.29 2.23 2.18 2.13 2.08 2.04 2.01 1.98 1.95 1.92 1.89 1.87 1.84 1.81 1.78 1.77 1.76 1.76 1.75 1.75 1.74 1.74 1.73 1.73 1.72 1.72 1.74 1.75 1.76 1.78 1.79 1.80 1.82 1.83 1.84 1.86 1.89 1.92 1.94 1.97 1.99 2.02 2.04 2.07 2.09 2.12 2.16 2.19 2.22 2.25 2.28 2.32 2.35 2.38 2.41 2.44 2.47 2.50 2.53 2.56 2.59 2.62 2.65 2.68 2.71 2.73 2.73 2.74 2.75 2.76 2.77 2.77 2.78 2.79 2.80 2.80 2.81 2.81 2.81 2.81
2.29 2.24 2.19 2.14 2.08 2.04 2.01 1.99 1.96 1.93 1.90 1.87 1.84 1.82 1.79 1.77 1.77 1.76 1.75 1.75 1.74 1.74 1.73 1.73 1.72 1.72 1.74 1.75 1.76 1.77 1.79 1.80 1.81 1.83 1.84 1.86 1.88 1.91 1.93 1.96 1.98 2.01 2.03 2.06 2.08 2.11 2.14 2.18 2.21 2.24 2.27 2.30 2.33 2.37 2.40 2.43 2.45 2.48 2.51 2.54 2.56 2.59 2.62 2.65 2.68 2.69 2.70 2.71 2.72 2.73 2.74 2.75 2.76 2.77 2.78 2.78 2.79 2.79 2.79 2.80
2.29 2.24 2.19 2.14 2.09 2.05 2.02 1.99 1.96 1.93 1.90 1.88 1.85 1.82 1.79 1.77 1.77 1.76 1.75 1.75 1.74 1.73 1.73 1.72 1.72 1.72 1.73 1.74 1.76 1.77 1.78 1.79 1.81 1.82 1.83 1.85 1.87 1.90 1.92 1.95 1.97 2.00 2.02 2.05 2.07 2.10 2.13 2.16 2.19 2.22 2.25 2.28 2.32 2.35 2.38 2.41 2.43 2.46 2.49 2.51 2.54 2.57 2.59 2.62 2.65 2.66 2.67 2.68 2.70 2.71 2.72 2.73 2.74 2.75 2.76 2.76 2.77 2.77 2.77 2.78
2.29 2.24 2.19 2.14 2.09 2.05 2.02 1.99 1.96 1.93 1.90 1.87 1.84 1.82 1.79 1.77 1.76 1.76 1.75 1.74 1.74 1.73 1.72 1.72 1.71 1.71 1.72 1.74 1.75 1.76 1.77 1.78 1.80 1.81 1.82 1.84 1.86 1.89 1.91 1.93 1.96 1.98 2.01 2.03 2.06 2.08 2.11 2.14 2.17 2.20 2.23 2.26 2.30 2.33 2.36 2.38 2.41 2.44 2.46 2.49 2.51 2.54 2.57 2.59 2.62 2.64 2.65 2.66 2.67 2.68 2.69 2.70 2.71 2.72 2.73 2.74 2.74 2.75 2.75 2.75
2.29 2.24 2.19 2.14 2.09 2.05 2.02 1.99 1.96 1.93 1.90 1.87 1.84 1.81 1.78 1.77 1.76 1.75 1.74 1.74 1.73 1.72 1.72 1.71 1.70 1.70 1.72 1.73 1.74 1.75 1.76 1.77 1.79 1.80 1.81 1.83 1.85 1.87 1.90 1.92 1.95 1.97 1.99 2.02 2.04 2.07 2.10 2.13 2.16 2.19 2.22 2.25 2.27 2.30 2.33 2.36 2.39 2.41 2.44 2.46 2.49 2.51 2.54 2.57 2.59 2.61 2.62 2.63 2.64 2.65 2.66 2.67 2.69 2.70 2.71 2.71 2.72 2.72 2.73 2.73
2.29 2.24 2.19 2.14 2.09 2.05 2.02 1.99 1.96 1.93 1.90 1.87 1.84 1.81 1.78 1.76 1.76 1.75 1.74 1.73 1.72 1.72 1.71 1.70 1.69 1.70 1.71 1.72 1.73 1.74 1.75 1.76 1.78 1.79 1.80 1.81 1.84 1.86 1.89 1.91 1.93 1.96 1.98 2.00 2.03 2.05 2.08 2.11 2.14 2.17 2.20 2.23 2.25 2.28 2.31 2.34 2.36 2.39 2.41 2.44 2.46 2.49 2.51 2.54 2.56 2.58 2.59 2.60 2.61 2.63 2.64 2.65 2.66 2.67 2.68 2.69 2.70 2.70 2.70 2.71
2.29 2.24 2.19 2.14 2.08 2.04 2.02 1.99 1.96 1.93 1.90 1.87 1.84 1.81 1.78 1.76 1.75 1.74 1.74 1.73 1.72 1.71 1.70 1.70 1.69 1.69 1.70 1.71 1.72 1.73 1.74 1.75 1.76 1.78 1.79 1.80 1.83 1.85 1.87 1.90 1.92 1.94 1.96 1.99 2.01 2.04 2.06 2.09 2.12 2.15 2.18 2.21 2.23 2.26 2.29 2.32 2.34 2.36 2.39 2.41 2.44 2.46 2.49 2.51 2.54 2.55 2.56 2.58 2.59 2.60 2.61 2.62 2.63 2.65 2.66 2.67 2.67 2.68 2.68 2.69
2.29 2.24 2.18 2.13 2.08 2.04 2.01 1.98 1.95 1.92 1.90 1.87 1.84 1.81 1.78 1.76 1.75 1.74 1.73 1.72 1.71 1.71 1.70 1.69 1.68 1.68 1.69 1.70 1.71 1.72 1.73 1.74 1.75 1.77 1.78 1.79 1.82 1.84 1.86 1.88 1.91 1.93 1.95 1.97 2.00 2.02 2.05 2.08 2.10 2.13 2.16 2.19 2.21 2.24 2.27 2.29 2.32 2.34 2.36 2.39 2.41 2.44 2.46 2.48 2.51 2.53 2.54 2.55 2.56 2.57 2.59 2.60 2.61 2.62 2.63 2.64 2.65 2.65 2.66 2.66
2.28 2.23 2.18 2.13 2.08 2.04 2.01 1.98 1.95 1.92 1.89 1.86 1.83 1.80 1.77 1.75 1.75 1.74 1.73 1.72 1.71 1.70 1.69 1.68 1.67 1.67 1.68 1.69 1.70 1.71 1.72 1.73 1.74 1.75 1.77 1.78 1.80 1.83 1.85 1.87 1.89 1.91 1.94 1.96 1.98 2.00 2.03 2.06 2.09 2.11 2.14 2.17 2.19 2.22 2.25 2.27 2.29 2.32 2.34 2.36 2.39 2.41 2.43 2.46 2.48 2.50 2.51 2.52 2.53 2.55 2.56 2.57 2.58 2.60 2.61 2.62 2.62 2.63 2.64 2.64
2.28 2.23 2.18 2.13 2.08 2.04 2.01 1.98 1.95 1.92 1.89 1.86 1.83 1.80 1.77 1.75 1.74 1.73 1.72 1.71 1.70 1.69 1.68 1.68 1.67 1.67 1.68 1.69 1.70 1.71 1.71 1.72 1.73 1.74 1.75 1.77 1.79 1.81 1.84 1.86 1.88 1.90 1.92 1.94 1.97 1.99 2.02 2.04 2.07 2.09 2.12 2.15 2.17 2.20 2.22 2.25 2.27 2.29 2.32 2.34 2.36 2.38 2.41 2.43 2.45 2.47 2.48 2.50 2.51 2.52 2.53 2.55 2.56 2.57 2.58 2.59 2.60 2.61 2.61 2.62
2.28 2.23 2.18 2.13 2.08 2.04 2.01 1.98 1.95 1.92 1.89 1.86 1.83 1.80 1.77 1.75 1.74 1.73 1.72 1.71 1.70 1.69 1.68 1.67 1.66 1.66 1.67 1.68 1.69 1.70 1.71 1.72 1.72 1.73 1.74 1.76 1.78 1.80 1.82 1.84 1.86 1.89 1.91 1.93 1.95 1.97 2.00 2.02 2.05 2.07 2.10 2.13 2.15 2.18 2.20 2.23 2.25 2.27 2.29 2.31 2.34 2.36 2.38 2.40 2.42 2.44 2.46 2.47 2.48 2.49 2.51 2.52 2.53 2.55 2.56 2.57 2.58 2.58 2.59 2.60
2.28 2.23 2.18 2.13 2.08 2.04 2.01 1.98 1.95 1.92 1.89 1.86 1.83 1.80 1.77 1.75 1.73 1.72 1.71 1.70 1.69 1.68 1.67 1.66 1.65 1.65 1.66 1.67 1.68 1.69 1.70 1.71 1.71 1.72 1.73 1.75 1.77 1.79 1.81 1.83 1.85 1.87 1.89 1.91 1.93 1.96 1.98 2.01 2.03 2.06 2.08 2.11 2.13 2.16 2.18 2.20 2.22 2.25 2.27 2.29 2.31 2.33 2.35 2.38 2.40 2.41 2.43 2.44 2.45 2.47 2.48 2.49 2.51 2.52 2.53 2.55 2.55 2.56 2.57 2.57
2.28 2.23 2.18 2.13 2.08 2.04 2.01 1.98 1.95 1.91 1.88 1.85 1.82 1.79 1.76 1.74 1.73 1.72 1.71 1.70 1.68 1.67 1.66 1.65 1.64 1.64 1.65 1.66 1.67 1.68 1.68 1.69 1.70 1.71 1.72 1.74 1.76 1.78 1.80 1.82 1.84 1.86 1.88 1.90 1.92 1.94 1.97 1.99 2.01 2.04 2.06 2.09 2.11 2.13 2.16 2.18 2.20 2.22 2.25 2.27 2.29 2.31 2.33 2.35 2.37 2.39 2.40 2.42 2.43 2.44 2.46 2.47 2.48 2.50 2.51 2.52 2.53 2.54 2.54 2.55
2.27 2.22 2.17 2.12 2.07 2.03 2.00 1.97 1.94 1.91 1.88 1.85 1.81 1.78 1.75 1.73 1.72 1.71 1.70 1.68 1.67 1.66 1.65 1.64 1.63 1.63 1.63 1.64 1.65 1.66 1.67 1.68 1.69 1.70 1.71 1.72 1.74 1.76 1.78 1.80 1.82 1.84 1.86 1.88 1.90 1.93 1.95 1.97 2.00 2.02 2.04 2.07 2.09 2.12 2.14 2.16 2.18 2.20 2.22 2.24 2.27 2.29 2.31 2.33 2.35 2.37 2.38 2.39 2.41 2.42 2.43 2.45 2.46 2.47 2.49 2.50 2.51 2.51 2.52 2.53
2.26 2.21 2.16 2.11 2.06 2.02 1.99 1.96 1.93 1.90 1.87 1.84 1.81 1.78 1.74 1.72 1.71 1.70 1.69 1.67 1.66 1.65 1.64 1.63 1.61 1.61 1.62 1.63 1.64 1.65 1.66 1.67 1.68 1.69 1.70 1.71 1.73 1.75 1.77 1.79 1.81 1.83 1.85 1.87 1.89 1.91 1.93 1.96 1.98 2.00 2.03 2.05 2.07 2.10 2.12 2.14 2.16 2.18 2.20 2.22 2.24 2.26 2.28 2.30 2.32 2.34 2.36 2.37 2.38 2.40 2.41 2.42 2.44 2.45 2.46 2.48 2.48 2.49 2.50 2.51
2.25 2.20 2.16 2.11 2.06 2.02 1.99 1.95 1.92 1.89 1.86 1.83 1.80 1.77 1.74 1.71 1.70 1.69 1.68 1.66 1.65 1.64 1.62 1.61 1.60 1.60 1.61 1.62 1.63 1.64 1.64 1.65 1.66 1.67 1.68 1.70 1.72 1.74 1.76 1.77 1.79 1.81 1.83 1.85 1.87 1.89 1.92 1.94 1.96 1.98 2.01 2.03 2.05 2.08 2.10 2.12 2.14 2.16 2.18 2.20 2.22 2.24 2.26 2.28 2.30 2.32 2.33 2.35 2.36 2.37 2.39 2.40 2.41 2.43 2.44 2.45 2.46 2.47 2.48 2.49
2.25 2.20 2.15 2.10 2.05 2.01 1.98 1.95 1.92 1.88 1.85 1.82 1.79 1.76 1.73 1.71 1.69 1.68 1.67 1.65 1.64 1.63 1.61 1.60 1.59 1.58 1.59 1.60 1.61 1.62 1.63 1.64 1.65 1.66 1.67 1.68 1.70 1.72 1.74 1.76 1.78 1.80 1.82 1.84 1.86 1.88 1.90 1.92 1.94 1.97 1.99 2.01 2.03 2.06 2.08 2.10 2.12 2.14 2.16 2.18 2.20 2.22 2.24 2.26 2.28 2.29 2.31 2.32 2.34 2.35 2.36 2.38 2.39 2.40 2.42 2.43 2.44 2.45 2.46 2.47
2.24 2.19 2.14 2.09 2.04 2.00 1.97 1.94 1.91 1.88 1.85 1.81 1.78 1.75 1.72 1.70 1.68 1.67 1.66 1.64 1.63 1.61 1.60 1.59 1.57 1.57 1.58 1.59 1.60 1.61 1.62 1.63 1.64 1.65 1.66 1.67 1.69 1.71 1.73 1.75 1.77 1.78 1.80 1.82 1.84 1.86 1.88 1.90 1.93 1.95 1.97 1.99 2.01 2.04 2.06 2.08 2.10 2.12 2.14 2.16 2.18 2.20 2.22 2.24 2.25 2.27 2.29 2.30 2.31 2.33 2.34 2.35 2.37 2.38 2.40 2.41 2.42 2.43 2.43 2.44
2.23 2.18 2.13 2.09 2.04 2.00 1.96 1.93 1.90 1.87 1.84 1.81 1.78 1.74 1.71 1.69 1.67 1.66 1.64 1.63 1.62 1.60 1.59 1.57 1.56 1.55 1.56 1.57 1.58 1.59 1.60 1.61 1.62 1.63 1.64 1.66 1.68 1.70 1.71 1.73 1.75 1.77 1.79 1.81 1.82 1.84 1.87 1.89 1.91 1.93 1.95 1.97 1.99 2.02 2.04 2.06 2.08 2.10 2.12 2.14 2.15 2.17 2.19 2.21 2.23 2.25 2.26 2.28 2.29 2.30 2.32 2.33 2.34 2.36 2.37 2.38 2.39 2.40 2.41 2.42
2.22 2.18 2.13 2.08 2.03 1.99 1.96 1.93 1.89 1.86 1.83 1.80 1.77 1.74 1.70 1.68 1.67 1.65 1.63 1.62 1.60 1.59 1.57 1.56 1.54 1.54 1.55 1.56 1.57 1.58 1.59 1.60 1.61 1.62 1.63 1.65 1.66 1.68 1.70 1.72 1.74 1.75 1.77 1.79 1.81 1.83 1.85 1.87 1.89 1.91 1.93 1.95 1.98 2.00 2.02 2.04 2.06 2.08 2.09 2.11 2.13 2.15 2.17 2.19 2.21 2.22 2.24 2.25 2.27 2.28 2.29 2.31 2.32 2.34 2.35 2.36 2.37 2.38 2.39 2.40
2.22 2.17 2.12 2.07 2.02 1.98 1.95 1.92 1.89 1.85 1.82 1.79 1.76 1.73 1.70 1.67 1.66 1.64 1.62 1.61 1.59 1.58 1.56 1.55 1.53 1.53 1.54 1.55 1.56 1.57 1.58 1.59 1.60 1.61 1.62 1.63 1.65 1.67 1.69 1.70 1.72 1.74 1.76 1.78 1.79 1.81 1.83 1.85 1.87 1.89 1.92 1.94 1.96 1.98 2.00 2.02 2.04 2.05 2.07 2.09 2.11 2.13 2.15 2.17 2.18 2.20 2.21 2.23 2.24 2.26 2.27 2.28 2.30 2.31 2.33 2.34 2.35 2.36 2.37 2.38
2.21 2.16 2.11 2.06 2.02 1.98 1.94 1.91 1.88 1.85 1.82 1.78 1.75 1.72 1.69 1.66 1.65 1.63 1.61 1.60 1.58 1.56 1.55 1.53 1.52 1.51 1.52 1.53 1.54 1.55 1.56 1.57 1.58 1.60 1.61 1.62 1.64 1.65 1.67 1.69 1.71 1.72 1.74 1.76 1.78 1.80 1.82 1.84 1.86 1.88 1.90 1.92 1.94 1.96 1.98 2.00 2.01 2.03 2.05 2.07 2.09 2.11 2.12 2.14 2.16 2.18 2.19 2.21 2.22 2.23 2.25 2.26 2.28 2.29 2.30 2.32 2.33 2.34 2.35 2.36
2.20 2.15 2.10 2.06 2.01 1.97 1.93 1.90 1.87 1.84 1.81 1.77 1.74 1.71 1.68 1.65 1.64 1.62 1.61 1.59 1.57 1.56 1.54 1.52 1.51 1.50 1.51 1.52 1.53 1.54 1.55 1.56 1.57 1.58 1.59 1.61 1.63 1.64 1.66 1.68 1.69 1.71 1.73 1.75 1.76 1.78 1.80 1.82 1.84 1.86 1.88 1.90 1.92 1.94 1.96 1.98 2.00 2.01 2.03 2.05 2.07 2.09 2.10 2.12 2.14 2.16 2.17 2.18 2.20 2.21 2.23 2.24 2.25 2.27 2.28 2.29 2.30 2.31 2.32 2.33
2.19 2.14 2.09 2.04 2.00 1.95 1.92 1.89 1.86 1.83 1.80 1.76 1.73 1.70 1.67 1.65 1.63 1.61 1.60 1.58 1.57 1.55 1.53 1.52 1.50 1.50 1.51 1.52 1.53 1.54 1.55 1.56 1.57 1.58 1.59 1.60 1.62 1.63 1.65 1.67 1.68 1.70 1.72 1.73 1.75 1.77 1.79 1.81 1.83 1.85 1.86 1.88 1.90 1.92 1.94 1.96 1.98 2.00 2.01 2.03 2.05 2.07 2.08 2.10 2.12 2.14 2.15 2.16 2.18 2.19 2.21 2.22 2.23 2.25 2.26 2.27 2.28 2.29 2.30 2.32
2.18 2.13 2.08 2.03 1.98 1.94 1.91 1.88 1.85 1.82 1.79 1.75 1.72 1.69 1.66 1.64 1.62 1.61 1.59 1.58 1.56 1.54 1.53 1.51 1.50 1.49 1.50 1.51 1.52 1.53 1.54 1.55 1.56 1.57 1.58 1.59 1.61 1.62 1.64 1.65 1.67 1.69 1.70 1.72 1.74 1.75 1.77 1.79 1.81 1.83 1.85 1.87 1.89 1.91 1.93 1.94 1.96 1.98 2.00 2.01 2.03 2.05 2.07 2.08 2.10 2.12 2.13 2.14 2.16 2.17 2.19 2.20 2.21 2.23 2.24 2.25 2.26 2.27 2.28 2.30
2.17 2.12 2.07 2.02 1.97 1.93 1.90 1.87 1.84 1.81 1.78 1.74 1.71 1.68 1.65 1.63 1.61 1.60 1.58 1.57 1.55 1.54 1.52 1.51 1.49 1.49 1.50 1.51 1.52 1.52 1.53 1.54 1.55 1.56 1.57 1.58 1.60 1.61 1.63 1.64 1.66 1.68 1.69 1.71 1.72 1.74 1.76 1.78 1.80 1.82 1.83 1.85 1.87 1.89 1.91 1.93 1.94 1.96 1.98 2.00 2.01 2.03 2.05 2.06 2.08 2.10 2.11 2.12 2.14 2.15 2.17 2.18 2.19 2.21 2.22 2.23 2.24 2.25 2.27 2.28
2.16 2.11 2.06 2.01 1.96 1.92 1.89 1.86 1.83 1.80 1.77 1.73 1.70 1.67 1.64 1.62 1.60 1.59 1.58 1.56 1.55 1.53 1.52 1.50 1.49 1.49 1.49 1.50 1.51 1.52 1.53 1.53 1.54 1.55 1.56 1.57 1.59 1.60 1.62 1.63 1.65 1.66 1.68 1.70 1.71 1.73 1.75 1.76 1.78 1.80 1.82 1.84 1.86 1.87 1.89 1.91 1.93 1.94 1.96 1.98 1.99 2.01 2.03 2.05 2.06 2.08 2.09 2.11 2.12 2.13 2.15 2.16 2.17 2.19 2.20 2.21 2.22 2.23 2.25 2.26
2.14 2.10 2.05 2.00 1.95 1.91 1.88 1.85 1.82 1.79 1.76 1.72 1.69 1.66 1.63 1.61 1.60 1.58 1.57 1.55 1.54 1.53 1.51 1.50 1.49 1.48 1.49 1.50 1.50 1.51 1.52 1.53 1.53 1.54 1.55 1.56 1.58 1.59 1.61 1.62 1.64 1.65 1.67 1.68 1.70 1.71 1.73 1.75 1.77 1.79 1.80 1.82 1.84 1.86 1.87 1.89 1.91 1.93 1.94 1.96 1.98 1.99 2.01 2.03 2.04 2.06 2.07 2.09 2.10 2.11 2.13 2.14 2.15 2.17 2.18 2.19 2.20 2.21 2.23 2.24
2.13 2.08 2.04 1.99 1.94 1.90 1.87 1.84 1.81 1.78 1.75 1.72 1.68 1.65 1.62 1.60 1.59 1.57 1.56 1.55 1.53 1.52 1.51 1.50 1.48 1.48 1.49 1.49 1.50 1.51 1.51 1.52 1.53 1.53 1.54 1.55 1.57 1.58 1.60 1.61 1.63 1.64 1.65 1.67 1.68 1.70 1.72 1.74 1.75 1.77 1.79 1.81 1.82 1.84 1.86 1.88 1.89 1.91 1.92 1.94 1.96 1.97 1.99 2.01 2.02 2.04 2.05 2.07 2.08 2.09 2.11 2.12 2.13 2.15 2.16 2.17 2.18 2.19 2.21 2.22
2.12 2.07 2.02 1.98 1.93 1.89 1.86 1.83 1.80 1.77 1.74 1.71 1.67 1.64 1.61 1.59 1.58 1.57 1.55 1.54 1.53 1.52 1.50 1.49 1.48 1.47 1.48 1.49 1.49 1.50 1.51 1.51 1.52 1.52 1.53 1.54 1.56 1.57 1.58 1.60 1.61 1.63 1.64 1.66 1.67 1.69 1.70 1.72 1.74 1.76 1.77 1.79 1.81 1.82 1.84 1.86 1.87 1.89 1.91 1.92 1.94 1.96 1.97 1.99 2.00 2.02 2.03 2.05 2.06 2.07 2.09 2.10 2.11 2.13 2.14 2.15 2.16 2.17 2.19 2.20
2.11 2.06 2.01 1.96 1.92 1.88 1.85 1.82 1.79 1.76 1.73 1.70 1.67 1.63 1.60 1.58 1.57 1.56 1.55 1.53 1.52 1.51 1.50 1.49 1.47 1.47 1.48 1.48 1.49 1.49 1.50 1.50 1.51 1.52 1.52 1.53 1.55 1.56 1.57 1.59 1.60 1.62 1.63 1.64 1.66 1.67 1.69 1.71 1.72 1.74 1.76 1.77 1.79 1.81 1.82 1.84 1.86 1.87 1.89 1.90 1.92 1.94 1.95 1.97 1.98 2.00 2.01 2.03 2.04 2.05 2.07 2.08 2.09 2.11 2.12 2.13 2.14 2.15 2.17 2.18
2.10 2.05 2.00 1.95 1.90 1.86 1.83 1.80 1.78 1.75 1.72 1.69 1.66 1.63 1.60 1.57 1.56 1.55 1.54 1.53 1.52 1.50 1.49 1.48 1.47 1.47 1.47 1.48 1.48 1.49 1.49 1.50 1.50 1.51 1.51 1.52 1.54 1.55 1.56 1.58 1.59 1.60 1.62 1.63 1.65 1.66 1.68 1.69 1.71 1.73 1.74 1.76 1.78 1.79 1.81 1.82 1.84 1.86 1.87 1.89 1.90 1.92 1.93 1.95 1.97 1.98 1.99 2.01 2.02 2.03 2.05 2.06 2.07 2.09 2.10 2.11 2.12 2.13 2.15 2.16
2.09 2.04 1.99 1.94 1.89 1.85 1.82 1.79 1.76 1.73 1.70 1.67 1.64 1.62 1.59 1.57 1.55 1.54 1.53 1.52 1.51 1.50 1.49 1.48 1.46 1.46 1.47 1.47 1.48 1.48 1.49 1.49 1.49 1.50 1.50 1.51 1.53 1.54 1.55 1.57 1.58 1.59 1.61 1.62 1.63 1.65 1.66 1.68 1.70 1.71 1.73 1.74 1.76 1.78 1.79 1.81 1.82 1.84 1.86 1.87 1.89 1.90 1.92 1.93 1.95 1.96 1.98 1.99 2.00 2.02 2.03 2.04 2.06 2.07 2.08 2.09 2.11 2.12 2.13 2.14
2.07 2.02 1.97 1.92 1.88 1.84 1.81 1.78 1.75 1.72 1.69 1.66 1.63 1.60 1.57 1.55 1.54 1.53 1.52 1.51 1.50 1.49 1.48 1.47 1.46 1.46 1.46 1.46 1.47 1.47 1.48 1.48 1.49 1.49 1.50 1.51 1.52 1.53 1.55 1.56 1.57 1.58 1.60 1.61 1.62 1.64 1.65 1.67 1.69 1.70 1.72 1.73 1.75 1.76 1.78 1.80 1.81 1.83 1.84 1.86 1.87 1.89 1.90 1.92 1.93 1.95 1.96 1.97 1.99 2.00 2.01 2.03 2.04 2.05 2.07 2.08 2.09 2.10 2.11 2.12
2.06 2.01 1.96 1.91 1.86 1.82 1.79 1.76 1.73 1.71 1.68 1.65 1.62 1.59 1.56 1.54 1.53 1.52 1.51 1.50 1.49 1.48 1.47 1.46 1.45 1.45 1.45 1.46 1.46 1.47 1.47 1.48 1.48 1.49 1.49 1.50 1.51 1.52 1.54 1.55 1.56 1.58 1.59 1.60 1.61 1.63 1.64 1.66 1.67 1.69 1.71 1.72 1.74 1.75 1.77 1.78 1.80 1.81 1.83 1.84 1.86 1.87 1.89 1.90 1.92 1.93 1.94 1.96 1.97 1.98 2.00 2.01 2.02 2.03 2.05 2.06 2.07 2.08 2.09 2.10
2.04 1.99 1.94 1.89 1.84 1.81 1.78 1.75 1.72 1.69 1.66 1.64 1.61 1.58 1.55 1.53 1.52 1.51 1.50 1.50 1.49 1.48 1.47 1.46 1.45 1.44 1.45 1.45 1.46 1.46 1.47 1.47 1.47 1.48 1.48 1.49 1.50 1.52 1.53 1.54 1.55 1.57 1.58 1.59 1.60 1.62 1.63 1.65 1.66 1.68 1.69 1.71 1.72 1.74 1.75 1.77 1.78 1.80 1.81 1.83 1.84 1.86 1.87 1.89 1.90 1.91 1.93 1.94 1.95 1.97 1.98 1.99 2.01 2.02 2.03 2.04 2.05 2.06 2.07 2.08
2.03 1.98 1.93 1.88 1.83 1.79 1.76 1.73 1.71 1.68 1.65 1.62 1.60 1.57 1.54 1.52 1.51 1.51 1.50 1.49 1.48 1.47 1.46 1.45 1.44 1.44 1.44 1.45 1.45 1.46 1.46 1.46 1.47 1.47 1.48 1.48 1.50 1.51 1.52 1.53 1.55 1.56 1.57 1.58 1.59 1.61 1.62 1.64 1.65 1.67 1.68 1.70 1.71 1.73 1.74 1.76 1.77 1.78 1.80 1.81 1.83 1.84 1.86 1.87 1.89 1.90 1.91 1.92 1.94 1.95 1.96 1.98 1.99 2.00 2.01 2.02 2.03 2.04 2.05 2.06
2.01 1.96 1.91 1.86 1.81 1.77 1.75 1.72 1.69 1.67 1.64 1.61 1.59 1.56 1.53 1.51 1.50 1.50 1.49 1.48 1.47 1.46 1.45 1.44 1.43 1.43 1.44 1.44 1.44 1.45 1.45 1.46 1.46 1.47 1.47 1.48 1.49 1.50 1.51 1.52 1.54 1.55 1.56 1.57 1.58 1.60 1.61 1.63 1.64 1.66 1.67 1.68 1.70 1.71 1.73 1.74 1.76 1.77 1.78 1.80 1.81 1.83 1.84 1.86 1.87 1.88 1.90 1.91 1.92 1.93 1.95 1.96 1.97 1.98 2.00 2.01 2.02 2.03 2.03 2.04
2.00 1.95 1.90 1.85 1.80 1.76 1.73 1.71 1.68 1.65 1.63 1.60 1.57 1.55 1.52 1.50 1.49 1.49 1.48 1.47 1.46 1.45 1.44 1.44 1.43 1.43 1.43 1.43 1.44 1.44 1.45 1.45 1.45 1.46 1.46 1.47 1.48 1.49 1.50 1.52 1.53 1.54 1.55 1.56 1.57 1.59 1.60 1.62 1.63 1.64 1.66 1.67 1.69 1.70 1.71 1.73 1.74 1.76 1.77 1.78 1.80 1.81 1.83 1.84 1.85 1.87 1.88 1.89 1.90 1.92 1.93 1.94 1.95 1.97 1.98 1.99 2.00 2.01 2.02 2.02
1.99 1.94 1.88 1.83 1.78 1.74 1.72 1.69 1.67 1.64 1.61 1.59 1.56 1.54 1.51 1.49 1.48 1.48 1.47 1.46 1.45 1.45 1.44 1.43 1.42 1.42 1.42 1.43 1.43 1.44 1.44 1.44 1.45 1.45 1.46 1.46 1.47 1.49 1.50 1.51 1.52 1.53 1.54 1.55 1.56 1.58 1.59 1.60 1.62 1.63 1.65 1.66 1.67 1.69 1.70 1.72 1.73 1.74 1.76 1.77 1.78 1.80 1.81 1.82 1.84 1.85 1.86 1.88 1.89 1.90 1.91 1.93 1.94 1.95 1.96 1.97 1.98 1.99 2.00 2.00
1.97 1.92 1.87 1.82 1.77 1.73 1.70 1.68 1.65 1.63 1.60 1.58 1.55 1.52 1.50 1.48 1.48 1.47 1.46 1.45 1.45 1.44 1.43 1.42 1.42 1.41 1.42 1.42 1.43 1.43 1.43 1.44 1.44 1.44 1.45 1.46 1.47 1.48 1.49 1.50 1.51 1.52 1.53 1.54 1.55 1.57 1.58 1.59 1.61 1.62 1.63 1.65 1.66 1.67 1.69 1.70 1.72 1.73 1.74 1.76 1.77 1.78 1.80 1.81 1.82 1.84 1.85 1.86 1.87 1.88 1.90 1.91 1.92 1.93 1.95 1.96 1.96 1.97 1.98 1.99
1.96 1.91 1.85 1.80 1.75 1.71 1.69 1.66 1.64 1.61 1.59 1.56 1.54 1.51 1.49 1.47 1.47 1.46 1.45 1.44 1.44 1.43 1.42 1.42 1.41 1.41 1.41 1.42 1.42 1.42 1.43 1.43 1.43 1.44 1.44 1.45 1.46 1.47 1.48 1.49 1.50 1.51 1.52 1.53 1.54 1.56 1.57 1.58 1.60 1.61 1.62 1.64 1.65 1.66 1.68 1.69 1.70 1.71 1.73 1.74 1.75 1.77 1.78 1.79 1.81 1.82 1.83 1.84 1.86 1.87 1.88 1.89 1.90 1.92 1.93 1.94 1.95 1.95 1.96 1.97
1.94 1.89 1.84 1.78 1.73 1.69 1.67 1.65 1.62 1.60 1.57 1.55 1.53 1.50 1.48 1.46 1.46 1.45 1.44 1.44 1.43 1.42 1.42 1.41 1.41 1.40 1.41 1.41 1.41 1.42 1.42 1.43 1.43 1.43 1.44 1.44 1.45 1.46 1.47 1.48 1.49 1.50 1.51 1.53 1.54 1.55 1.56 1.57 1.59 1.60 1.61 1.62 1.64 1.65 1.66 1.68 1.69 1.70 1.72 1.73 1.74 1.75 1.77 1.78 1.79 1.81 1.82 1.83 1.84 1.85 1.86 1.88 1.89 1.90 1.91 1.92 1.93 1.94 1.94 1.95
1.93 1.87 1.82 1.77 1.71 1.67 1.65 1.63 1.61 1.58 1.56 1.54 1.52 1.49 1.47 1.46 1.45 1.44 1.44 1.43 1.43 1.42 1.41 1.41 1.40 1.40 1.40 1.41 1.41 1.41 1.42 1.42 1.42 1.43 1.43 1.44 1.45 1.46 1.47 1.48 1.49 1.50 1.51 1.52 1.53 1.54 1.55 1.57 1.58 1.59 1.60 1.62 1.63 1.64 1.65 1.67 1.68 1.69 1.70 1.72 1.73 1.74 1.76 1.77 1.78 1.79 1.80 1.82 1.83 1.84 1.85 1.86 1.87 1.89 1.90 1.91 1.91 1.92 1.93 1.93
1.91 1.86 1.80 1.75 1.69 1.65 1.63 1.61 1.59 1.57 1.55 1.53 1.50 1.48 1.46 1.45 1.44 1.44 1.43 1.43 1.42 1.41 1.41 1.40 1.40 1.40 1.40 1.40 1.41 1.41 1.41 1.42 1.42 1.42 1.43 1.43 1.44 1.45 1.46 1.47 1.48 1.49 1.50 1.51 1.52 1.53 1.54 1.56 1.57 1.58 1.59 1.61 1.62 1.63 1.64 1.66 1.67 1.68 1.69 1.71 1.72 1.73 1.74 1.76 1.77 1.78 1.79 1.80 1.81 1.83 1.84 1.85 1.86 1.87 1.88 1.89 1.90 1.91 1.91 1.92
1.89 1.84 1.78 1.73 1.67 1.63 1.61 1.59 1.57 1.55 1.53 1.51 1.49 1.47 1.45 1.44 1.44 1.43 1.43 1.42 1.41 1.41 1.40 1.40 1.39 1.39 1.39 1.40 1.40 1.40 1.41 1.41 1.41 1.42 1.42 1.43 1.44 1.45 1.46 1.47 1.48 1.49 1.49 1.50 1.51 1.52 1.54 1.55 1.56 1.57 1.59 1.60 1.61 1.62 1.63 1.65 1.66 1.67 1.68 1.69 1.71 1.72 1.73 1.74 1.76 1.77 1.78 1.79 1.80 1.81 1.82 1.83 1.85 1.86 1.87 1.88 1.88 1.89 1.90 1.91
1.88 1.82 1.76 1.71 1.65 1.61 1.59 1.57 1.56 1.54 1.52 1.50 1.48 1.46 1.45 1.43 1.43 1.42 1.42 1.41 1.41 1.40 1.40 1.39 1.39 1.39 1.39 1.39 1.40 1.40 1.40 1.41 1.41 1.41 1.42 1.42 1.43 1.44 1.45 1.46 1.47 1.48 1.49 1.50 1.51 1.52 1.53 1.54 1.55 1.56 1.58 1.59 1.60 1.61 1.62 1.64 1.65 1.66 1.67 1.68 1.70 1.71 1.72 1.73 1.74 1.75 1.77 1.78 1.79 1.80 1.81 1.82 1.83 1.84 1.85 1.86 1.87 1.88 1.88 1.89
