2.292552e-01 2.280895e-01 2.269322e-01 2.257839e-01 2.246451e-01 2.235160e-01 2.223970e-01 2.212884e-01 2.201903e-01 2.191032e-01 2.180270e-01 2.169621e-01 2.159084e-01 2.148662e-01 2.138357e-01 2.128167e-01 2.118096e-01 2.108145e-01 2.098314e-01 2.088602e-01 2.079013e-01 2.069545e-01 2.060200e-01 2.050978e-01 2.041878e-01
2.286001e-01 2.274466e-01 2.263009e-01 2.251633e-01 2.240342e-01 2.229142e-01 2.218034e-01 2.207025e-01 2.196115e-01 2.185308e-01 2.174604e-01 2.164009e-01 2.153522e-01 2.143146e-01 2.132880e-01 2.122728e-01 2.112692e-01 2.102772e-01 2.092968e-01 2.083281e-01 2.073713e-01 2.064264e-01 2.054935e-01 2.045728e-01 2.036642e-01
2.279110e-01 2.267709e-01 2.256375e-01 2.245112e-01 2.233927e-01 2.222823e-01 2.211806e-01 2.200879e-01 2.190046e-01 2.179308e-01 2.168671e-01 2.158135e-01 2.147704e-01 2.137378e-01 2.127160e-01 2.117052e-01 2.107053e-01 2.097167e-01 2.087395e-01 2.077736e-01 2.068195e-01 2.058770e-01 2.049461e-01 2.040272e-01 2.031201e-01
2.271899e-01 2.260636e-01 2.249432e-01 2.238289e-01 2.227215e-01 2.216215e-01 2.205294e-01 2.194457e-01 2.183706e-01 2.173046e-01 2.162478e-01 2.152009e-01 2.141636e-01 2.131367e-01 2.121200e-01 2.111137e-01 2.101184e-01 2.091338e-01 2.081600e-01 2.071975e-01 2.062463e-01 2.053065e-01 2.043780e-01 2.034613e-01 2.025562e-01
2.264383e-01 2.253265e-01 2.242195e-01 2.231178e-01 2.220222e-01 2.209331e-01 2.198511e-01 2.187767e-01 2.177105e-01 2.166527e-01 2.156035e-01 2.145635e-01 2.135329e-01 2.125118e-01 2.115008e-01 2.104998e-01 2.095089e-01 2.085287e-01 2.075590e-01 2.066002e-01 2.056522e-01 2.047154e-01 2.037898e-01 2.028755e-01 2.019725e-01
2.256579e-01 2.245611e-01 2.234681e-01 2.223792e-01 2.212958e-01 2.202181e-01 2.191468e-01 2.180823e-01 2.170252e-01 2.159760e-01 2.149349e-01 2.139024e-01 2.128787e-01 2.118641e-01 2.108589e-01 2.098633e-01 2.088776e-01 2.079021e-01 2.069368e-01 2.059819e-01 2.050377e-01 2.041041e-01 2.031815e-01 2.022700e-01 2.013695e-01
2.248507e-01 2.237690e-01 2.226901e-01 2.216147e-01 2.205438e-01 2.194778e-01 2.184174e-01 2.173633e-01 2.163158e-01 2.152755e-01 2.142428e-01 2.132181e-01 2.122018e-01 2.111940e-01 2.101951e-01 2.092054e-01 2.082253e-01 2.072547e-01 2.062939e-01 2.053434e-01 2.044032e-01 2.034732e-01 2.025539e-01 2.016453e-01 2.007478e-01
2.240182e-01 2.229518e-01 2.218873e-01 2.208254e-01 2.197674e-01 2.187133e-01 2.176643e-01 2.166207e-01 2.155833e-01 2.145524e-01 2.135283e-01 2.125118e-01 2.115031e-01 2.105024e-01 2.095101e-01 2.085266e-01 2.075522e-01 2.065869e-01 2.056312e-01 2.046852e-01 2.037492e-01 2.028231e-01 2.019075e-01 2.010023e-01 2.001074e-01
2.231618e-01 2.221110e-01 2.210610e-01 2.200129e-01 2.189677e-01 2.179261e-01 2.168886e-01 2.158559e-01 2.148286e-01 2.138073e-01 2.127923e-01 2.117841e-01 2.107833e-01 2.097900e-01 2.088047e-01 2.078277e-01 2.068593e-01 2.058997e-01 2.049491e-01 2.040080e-01 2.030763e-01 2.021544e-01 2.012426e-01 2.003407e-01 1.994493e-01
2.222836e-01 2.212480e-01 2.202128e-01 2.191785e-01 2.181465e-01 2.171172e-01 2.160914e-01 2.150698e-01 2.140529e-01 2.130413e-01 2.120356e-01 2.110361e-01 2.100434e-01 2.090578e-01 2.080797e-01 2.071093e-01 2.061472e-01 2.051934e-01 2.042483e-01 2.033120e-01 2.023851e-01 2.014675e-01 2.005597e-01 1.996616e-01 1.987735e-01
2.213848e-01 2.203645e-01 2.193438e-01 2.183235e-01 2.173046e-01 2.162879e-01 2.152738e-01 2.142634e-01 2.132571e-01 2.122555e-01 2.112592e-01 2.102685e-01 2.092841e-01 2.083064e-01 2.073356e-01 2.063721e-01 2.054163e-01 2.044685e-01 2.035291e-01 2.025982e-01 2.016761e-01 2.007631e-01 1.998594e-01 1.989653e-01 1.980806e-01
2.204669e-01 2.194619e-01 2.184558e-01 2.174493e-01 2.164435e-01 2.154391e-01 2.144372e-01 2.134378e-01 2.124423e-01 2.114507e-01 2.104639e-01 2.094823e-01 2.085064e-01 2.075366e-01 2.065733e-01 2.056169e-01 2.046676e-01 2.037261e-01 2.027925e-01 2.018669e-01 2.009499e-01 2.000417e-01 1.991423e-01 1.982520e-01 1.973713e-01
2.195316e-01 2.185415e-01 2.175498e-01 2.165571e-01 2.155644e-01 2.145724e-01 2.135822e-01 2.125944e-01 2.116094e-01 2.106280e-01 2.096508e-01 2.086783e-01 2.077109e-01 2.067492e-01 2.057935e-01 2.048443e-01 2.039020e-01 2.029667e-01 2.020390e-01 2.011190e-01 2.002072e-01 1.993036e-01 1.984088e-01 1.975228e-01 1.966457e-01
2.185799e-01 2.176048e-01 2.166270e-01 2.156479e-01 2.146682e-01 2.136887e-01 2.127102e-01 2.117335e-01 2.107593e-01 2.097882e-01 2.088206e-01 2.078573e-01 2.068986e-01 2.059450e-01 2.049971e-01 2.040552e-01 2.031195e-01 2.021909e-01 2.012690e-01 2.003549e-01 1.994483e-01 1.985497e-01 1.976594e-01 1.967777e-01 1.959046e-01
2.176134e-01 2.166527e-01 2.156889e-01 2.147230e-01 2.137561e-01 2.127889e-01 2.118223e-01 2.108568e-01 2.098934e-01 2.089322e-01 2.079745e-01 2.070203e-01 2.060703e-01 2.051250e-01 2.041848e-01 2.032501e-01 2.023216e-01 2.013992e-01 2.004837e-01 1.995751e-01 1.986740e-01 1.977804e-01 1.968949e-01 1.960174e-01 1.951484e-01
2.166330e-01 2.156864e-01 2.147364e-01 2.137837e-01 2.128296e-01 2.118744e-01 2.109193e-01 2.099650e-01 2.090121e-01 2.080612e-01 2.071130e-01 2.061679e-01 2.052266e-01 2.042896e-01 2.033572e-01 2.024300e-01 2.015083e-01 2.005925e-01 1.996831e-01 1.987805e-01 1.978847e-01 1.969963e-01 1.961154e-01 1.952425e-01 1.943777e-01
2.156403e-01 2.147075e-01 2.137707e-01 2.128311e-01 2.118892e-01 2.109462e-01 2.100024e-01 2.090592e-01 2.081167e-01 2.071758e-01 2.062371e-01 2.053012e-01 2.043686e-01 2.034397e-01 2.025152e-01 2.015954e-01 2.006807e-01 1.997715e-01 1.988684e-01 1.979716e-01 1.970813e-01 1.961980e-01 1.953220e-01 1.944536e-01 1.935929e-01
2.146361e-01 2.137167e-01 2.127931e-01 2.118659e-01 2.109361e-01 2.100048e-01 2.090726e-01 2.081399e-01 2.072079e-01 2.062769e-01 2.053477e-01 2.044209e-01 2.034970e-01 2.025762e-01 2.016595e-01 2.007470e-01 1.998393e-01 1.989369e-01 1.980400e-01 1.971489e-01 1.962643e-01 1.953860e-01 1.945150e-01 1.936509e-01 1.927946e-01
2.136216e-01 2.127153e-01 2.118042e-01 2.108895e-01 2.099716e-01 2.090516e-01 2.081305e-01 2.072084e-01 2.062868e-01 2.053655e-01 2.044457e-01 2.035278e-01 2.026123e-01 2.016999e-01 2.007909e-01 1.998858e-01 1.989851e-01 1.980891e-01 1.971984e-01 1.963132e-01 1.954340e-01 1.945611e-01 1.936948e-01 1.928354e-01 1.919833e-01
2.125978e-01 2.117040e-01 2.108054e-01 2.099024e-01 2.089963e-01 2.080876e-01 2.071771e-01 2.062656e-01 2.053539e-01 2.044425e-01 2.035317e-01 2.026227e-01 2.017158e-01 2.008113e-01 1.999100e-01 1.990121e-01 1.981184e-01 1.972290e-01 1.963444e-01 1.954652e-01 1.945915e-01 1.937237e-01 1.928622e-01 1.920073e-01 1.911594e-01
2.115654e-01 2.106840e-01 2.097972e-01 2.089060e-01 2.080111e-01 2.071134e-01 2.062135e-01 2.053122e-01 2.044103e-01 2.035083e-01 2.026068e-01 2.017065e-01 2.008077e-01 1.999113e-01 1.990176e-01 1.981269e-01 1.972400e-01 1.963570e-01 1.954786e-01 1.946051e-01 1.937369e-01 1.928743e-01 1.920176e-01 1.911674e-01 1.903235e-01
2.105256e-01 2.096561e-01 2.087809e-01 2.079008e-01 2.070169e-01 2.061300e-01 2.052404e-01 2.043491e-01 2.034567e-01 2.025640e-01 2.016714e-01 2.007797e-01 1.998892e-01 1.990006e-01 1.981142e-01 1.972307e-01 1.963506e-01 1.954741e-01 1.946017e-01 1.937341e-01 1.928711e-01 1.920137e-01 1.911617e-01 1.903160e-01 1.894765e-01
2.094793e-01 2.086211e-01 2.077570e-01 2.068879e-01 2.060147e-01 2.051380e-01 2.042585e-01 2.033770e-01 2.024941e-01 2.016104e-01 2.007265e-01 1.998431e-01 1.989607e-01 1.980797e-01 1.972007e-01 1.963244e-01 1.954508e-01 1.945807e-01 1.937144e-01 1.928522e-01 1.919948e-01 1.911422e-01 1.902952e-01 1.894536e-01 1.886183e-01
2.084269e-01 2.075796e-01 2.067265e-01 2.058679e-01 2.050050e-01 2.041383e-01 2.032686e-01 2.023966e-01 2.015229e-01 2.006481e-01 1.997727e-01 1.988975e-01 1.980230e-01 1.971495e-01 1.962779e-01 1.954082e-01 1.945413e-01 1.936774e-01 1.928169e-01 1.919604e-01 1.911082e-01 1.902606e-01 1.894183e-01 1.885811e-01 1.877498e-01
2.073694e-01 2.065329e-01 2.056900e-01 2.048418e-01 2.039889e-01 2.031318e-01 2.022717e-01 2.014088e-01 2.005440e-01 1.996778e-01 1.988107e-01 1.979437e-01 1.970768e-01 1.962106e-01 1.953460e-01 1.944833e-01 1.936226e-01 1.927648e-01 1.919102e-01 1.910591e-01 1.902121e-01 1.893695e-01 1.885316e-01 1.876988e-01 1.868715e-01
