335.30 333.16 332.80 333.18 332.07 331.46 332.51 334.03 334.16 332.38 331.03 330.80 330.97 331.56 332.49 333.71 335.17 336.94 339.21 341.51 342.70 342.64 341.73 340.72 340.18 340.40 341.11 341.53 341.19 340.47 339.34 337.52 336.06 334.60 332.89 330.72 327.98 325.24 323.20 321.25 319.65 318.34 317.27 316.54 316.16 316.50 316.96 316.71 315.76 314.50 313.18 311.79 311.02 311.32 312.23 313.73 316.42 320.33 322.94 321.75 317.97 313.64 310.54 309.01 308.10 307.87 308.02 308.15 308.01 307.24 305.58 304.21 305.25 306.99 307.95 307.99 307.51 306.33 305.02 305.47 306.28 307.63 308.85 308.84 308.13
336.51 333.77 332.28 331.79 330.95 330.81 331.78 332.94 333.21 331.97 330.62 330.16 330.55 331.49 332.61 333.91 335.29 337.09 339.70 342.20 343.60 343.59 342.51 341.17 340.02 339.79 340.38 340.48 339.43 338.19 337.43 336.43 335.80 334.78 333.23 331.16 328.40 325.53 323.29 321.06 319.35 318.04 316.98 316.20 315.76 316.11 316.54 316.36 315.65 314.64 313.38 311.95 310.97 311.07 311.84 312.92 314.46 316.42 316.78 315.14 312.68 310.09 308.23 307.41 307.19 307.63 308.11 308.27 307.99 307.12 305.68 304.76 305.18 306.44 307.33 307.21 307.29 308.12 308.01 307.95 307.90 308.13 308.38 308.11 307.74
339.46 336.07 333.99 333.59 333.47 332.72 332.07 331.70 331.57 331.00 330.12 329.62 330.29 331.63 332.95 334.23 335.31 336.44 338.75 340.98 342.39 342.99 342.87 341.78 339.39 338.25 338.62 338.34 336.90 335.75 335.74 334.71 334.64 333.78 332.17 330.11 327.62 325.06 322.89 320.73 319.14 317.92 316.82 315.75 315.10 315.70 316.39 316.43 316.01 315.17 313.80 312.30 311.02 310.82 311.30 312.18 313.49 314.66 313.29 310.92 309.16 307.63 306.63 306.39 306.55 307.12 307.64 307.72 307.35 306.63 305.62 304.81 305.03 305.88 306.36 306.14 306.96 308.99 309.99 309.62 308.77 308.35 308.27 308.07 307.82
342.62 339.26 337.47 337.59 338.02 336.05 333.47 331.29 330.24 329.92 329.52 329.19 330.04 331.52 332.83 333.89 334.52 334.82 336.89 338.67 339.89 341.30 342.64 342.34 338.77 336.32 336.65 336.46 334.81 333.48 333.74 332.65 332.77 331.71 329.75 327.77 325.90 323.99 322.17 320.35 318.98 317.86 316.71 315.34 314.44 315.06 315.89 316.29 316.31 315.76 314.42 312.98 311.40 310.57 310.34 310.73 311.81 312.93 311.27 308.74 307.18 306.06 305.48 305.53 305.85 306.38 306.57 306.24 305.78 305.50 305.27 304.94 304.98 305.18 305.31 305.40 306.57 308.63 309.72 309.36 308.33 307.89 307.99 308.12 308.11
344.94 342.61 341.41 341.61 341.81 338.66 334.88 331.56 329.60 329.06 328.92 328.82 329.64 330.92 331.98 332.66 332.85 332.74 334.68 336.02 337.00 339.02 341.38 341.74 337.83 334.28 334.63 334.88 333.25 331.25 330.87 329.97 329.92 328.51 326.51 324.96 323.82 322.60 321.29 319.94 318.79 317.78 316.63 315.15 314.07 314.57 315.56 316.14 316.15 315.64 314.64 313.67 312.27 310.85 309.79 309.40 309.83 310.79 309.76 307.64 306.22 305.29 304.89 304.95 305.23 305.63 305.38 304.61 304.05 304.09 304.57 305.18 305.41 304.95 304.60 304.71 305.71 307.17 308.13 308.42 307.61 307.29 307.66 308.09 308.29
346.06 345.39 344.09 343.40 342.60 338.81 334.98 331.68 329.46 328.60 328.40 328.43 329.02 329.87 330.53 330.80 330.69 330.74 332.37 333.33 334.18 336.34 338.64 338.89 335.64 331.84 332.13 332.65 331.15 328.52 327.17 326.80 326.50 324.95 323.41 322.50 321.91 321.19 320.37 319.45 318.51 317.59 316.53 315.14 314.00 314.49 315.76 316.33 315.92 315.01 314.09 313.46 312.89 311.47 309.99 308.88 308.39 308.76 308.37 306.94 305.74 305.00 304.74 304.69 304.76 304.93 304.26 303.16 302.51 302.67 303.73 305.52 306.20 305.22 304.26 303.86 304.13 304.79 306.05 307.39 306.82 306.73 307.44 307.99 308.25
345.43 345.62 344.14 343.49 343.13 338.99 334.71 331.37 329.26 328.36 328.02 328.00 328.37 328.80 329.06 329.02 328.71 328.68 329.48 329.91 330.95 332.88 334.10 333.42 330.77 328.00 328.19 328.13 326.60 324.52 323.49 323.92 323.78 322.59 321.55 320.97 320.54 320.00 319.46 318.85 318.09 317.26 316.30 315.07 314.01 314.84 316.51 317.10 316.38 314.84 313.27 312.24 312.68 311.99 310.71 309.27 308.05 307.51 307.14 306.24 305.34 304.92 304.86 304.70 304.56 304.42 303.49 302.25 301.49 301.56 302.94 305.68 306.88 305.68 304.06 302.71 301.90 301.93 304.09 306.43 306.09 306.34 307.31 307.85 308.21
342.77 343.24 342.32 341.97 342.15 339.05 334.95 331.52 329.29 328.26 327.78 327.59 327.75 327.96 328.06 327.89 327.41 326.80 326.71 326.80 327.40 328.11 328.07 327.05 325.40 324.25 324.56 324.40 323.46 322.47 322.13 322.52 322.36 321.39 320.47 319.94 319.61 319.24 318.80 318.28 317.62 316.79 315.78 314.71 313.95 315.21 317.13 318.05 317.91 316.79 314.86 313.09 312.88 312.26 311.04 309.56 308.14 307.12 306.36 305.58 304.97 304.88 305.04 304.94 304.90 304.53 303.52 302.29 301.33 301.10 302.29 305.19 306.86 305.87 303.71 301.29 299.47 299.32 302.57 305.38 305.46 306.07 307.06 307.76 308.62
339.84 340.31 340.12 340.17 340.09 337.76 334.50 331.53 329.39 328.25 327.59 327.15 327.12 327.21 327.23 327.05 326.57 325.68 324.88 324.71 324.80 324.68 324.11 323.37 322.67 322.40 322.60 322.40 321.82 321.27 321.10 321.23 320.94 320.24 319.58 319.16 318.88 318.61 318.27 317.83 317.22 316.33 315.25 314.28 313.90 315.59 317.79 318.89 319.08 318.78 317.67 315.80 314.05 312.35 310.77 309.34 308.03 307.01 306.16 305.40 305.04 305.27 305.70 306.00 306.36 305.74 304.47 303.01 301.73 301.18 302.03 304.85 306.84 305.67 303.32 300.55 298.37 298.08 301.59 304.49 304.91 305.41 306.29 307.86 309.78
337.28 337.55 337.80 338.28 338.13 336.52 334.32 331.99 329.97 328.55 327.55 326.75 326.50 326.49 326.46 326.28 325.80 324.84 323.74 323.32 323.05 322.60 322.01 321.56 321.33 321.33 321.33 321.08 320.65 320.28 320.13 320.08 319.75 319.24 318.77 318.43 318.21 318.01 317.75 317.35 316.72 315.80 314.74 313.93 313.90 316.01 318.55 319.57 319.45 319.05 318.17 316.19 313.78 311.77 310.19 308.93 307.84 306.98 306.29 305.73 305.64 306.12 306.68 307.01 307.35 306.61 305.20 303.68 302.22 301.37 301.90 304.46 305.96 305.04 303.57 301.40 299.17 298.47 301.49 303.75 304.22 305.01 306.30 308.50 310.68
335.70 335.47 335.58 336.31 336.63 335.86 334.57 332.80 330.87 329.10 327.66 326.49 325.95 325.75 325.63 325.42 324.94 324.06 323.05 322.36 321.79 321.29 320.88 320.62 320.51 320.48 320.34 320.04 319.68 319.37 319.19 319.03 318.71 318.32 317.94 317.68 317.50 317.34 317.08 316.65 316.02 315.18 314.28 313.64 313.78 315.87 318.48 319.54 318.92 317.73 316.53 314.76 312.51 310.68 309.34 308.38 307.68 307.19 306.85 306.54 306.53 307.00 307.47 307.55 307.62 306.93 305.69 304.35 302.86 301.65 301.60 303.38 304.39 303.88 303.16 301.95 300.46 299.82 301.61 302.86 303.90 305.29 307.10 309.41 311.21
335.69 334.45 333.77 334.31 335.06 335.11 334.50 333.17 331.39 329.49 327.81 326.44 325.53 324.93 324.63 324.43 324.05 323.39 322.65 321.70 320.85 320.34 320.08 319.95 319.85 319.73 319.52 319.20 318.86 318.56 318.30 318.07 317.78 317.44 317.13 316.91 316.75 316.55 316.19 315.68 315.12 314.51 313.89 313.38 313.39 314.87 317.03 318.22 317.46 315.56 313.87 312.45 310.75 309.37 308.46 307.97 307.78 307.78 307.79 307.64 307.56 307.87 308.13 307.89 307.58 307.04 306.14 305.09 303.68 302.13 301.37 302.07 302.67 302.51 302.21 301.75 301.11 300.67 301.07 301.78 303.49 305.50 307.77 310.00 311.38
336.55 334.58 332.90 332.98 333.75 333.85 333.47 332.43 330.88 329.17 327.66 326.37 325.16 324.11 323.62 323.52 323.46 323.22 322.57 321.55 320.76 320.40 320.23 320.05 319.77 319.37 318.93 318.49 318.11 317.80 317.50 317.22 316.98 316.72 316.48 316.27 316.06 315.76 315.21 314.67 314.28 313.99 313.66 313.18 312.75 313.18 314.37 315.47 315.15 313.43 311.52 310.12 309.01 308.21 307.94 308.11 308.48 308.86 309.04 308.89 308.70 308.88 309.02 308.63 307.98 307.48 306.80 305.95 304.71 303.11 301.82 301.42 301.50 301.46 301.33 301.13 300.80 300.33 299.82 300.49 302.58 305.09 307.65 309.75 311.10
336.01 334.60 332.79 332.26 332.66 332.61 332.29 331.39 330.00 328.55 327.27 326.09 324.86 323.73 323.08 322.85 322.76 322.62 322.25 321.70 321.40 321.44 321.54 321.53 321.26 320.44 319.33 318.24 317.53 317.18 316.93 316.69 316.50 316.30 316.11 315.93 315.79 315.59 315.16 314.82 314.62 314.39 314.07 313.43 312.26 311.76 312.34 312.88 312.61 311.32 309.56 308.19 307.90 307.99 308.53 309.31 310.04 310.50 310.60 310.35 310.14 310.29 310.61 310.49 309.65 308.75 307.80 306.92 306.04 305.10 303.90 302.41 301.65 301.45 301.28 300.92 300.25 299.37 298.67 299.04 301.08 304.00 306.61 308.58 310.32
334.71 334.31 332.87 331.61 331.28 331.18 330.93 330.17 329.02 327.82 326.73 325.65 324.54 323.57 322.82 322.31 321.96 321.65 321.56 321.61 321.85 322.26 322.62 322.82 322.82 322.21 320.96 319.37 318.06 317.28 316.82 316.51 316.33 316.21 316.19 316.29 316.50 316.72 316.73 316.57 316.18 315.51 314.75 313.77 312.22 311.09 311.16 311.23 310.79 309.73 308.54 308.08 308.49 309.12 309.94 310.91 311.87 312.38 312.12 311.47 311.24 311.62 312.34 312.54 311.72 310.43 309.20 308.18 307.67 307.93 307.74 305.90 304.36 303.68 303.08 302.21 300.93 299.40 298.47 298.38 300.08 302.99 305.68 307.85 309.70
332.82 333.04 332.20 330.71 329.76 329.60 329.43 328.85 327.97 327.00 326.01 324.98 324.01 323.24 322.51 321.84 321.27 320.76 320.79 321.26 321.85 322.49 323.01 323.36 323.58 323.41 322.67 321.46 320.19 319.21 318.53 318.13 318.09 318.25 318.52 318.86 319.25 319.58 319.54 319.03 318.10 316.63 315.12 313.68 312.03 310.75 310.48 310.31 309.86 309.12 308.56 308.79 309.49 310.12 310.56 311.14 311.96 312.49 312.21 311.71 311.97 312.69 313.48 313.65 312.89 311.62 310.52 309.57 309.12 309.59 309.92 308.90 307.54 306.42 305.15 303.57 301.60 299.48 298.28 297.98 299.07 301.32 304.09 306.93 309.18
330.65 330.91 330.57 329.52 328.39 328.03 327.88 327.48 326.81 325.99 325.08 324.10 323.19 322.51 321.91 321.34 320.78 320.22 320.17 320.73 321.42 322.12 322.72 323.17 323.50 323.68 323.60 323.21 322.60 322.00 321.60 321.54 322.04 322.60 322.75 322.67 322.54 322.36 321.85 320.85 319.41 317.20 314.94 313.06 311.51 310.43 310.12 310.04 309.80 309.41 309.25 309.66 310.06 309.89 309.61 309.84 310.62 311.46 311.69 311.77 312.45 313.32 313.99 314.04 313.40 312.37 311.50 310.75 310.35 310.61 310.91 310.50 309.43 307.79 305.90 303.91 301.68 299.35 297.98 297.57 298.18 299.87 302.57 305.75 308.48
328.83 329.19 328.93 328.36 327.39 326.71 326.45 326.04 325.44 324.70 323.89 323.02 322.13 321.38 320.95 320.70 320.41 319.97 319.69 320.10 320.72 321.39 322.04 322.60 323.00 323.26 323.43 323.53 323.64 323.88 324.32 325.03 326.25 327.14 326.75 325.67 324.48 323.40 322.31 321.04 319.33 316.77 314.15 312.01 310.67 309.99 309.95 310.21 310.30 310.19 310.09 310.04 309.51 308.43 307.99 308.52 309.62 310.94 311.84 312.36 312.91 313.61 314.10 314.04 313.47 312.73 312.12 311.64 311.35 311.28 311.20 310.85 309.75 307.68 305.73 304.19 302.35 299.95 298.05 297.30 297.54 298.77 301.10 304.30 307.64
327.29 328.66 328.38 327.75 326.93 326.23 325.53 324.59 323.77 323.00 322.04 321.04 320.88 320.46 320.11 319.94 319.82 319.49 318.99 319.21 319.83 320.57 321.28 321.87 322.33 322.62 322.78 322.87 323.08 323.48 324.05 324.65 325.62 326.73 326.73 325.66 324.12 322.53 320.91 319.45 317.58 315.16 312.79 310.77 309.72 309.48 309.89 310.51 310.83 310.84 310.56 309.58 307.89 306.99 307.68 309.18 310.71 312.19 313.16 313.47 313.31 313.67 314.04 313.81 313.28 312.69 312.40 312.28 312.14 311.84 311.34 310.73 309.32 307.06 305.67 305.26 304.23 301.78 298.87 297.37 297.20 297.98 299.77 302.89 306.89
327.25 328.53 328.02 327.33 326.81 326.32 325.41 324.12 323.07 322.02 320.50 318.45 318.97 319.28 319.11 319.00 319.06 318.83 318.13 318.11 318.86 319.82 320.66 321.25 321.67 321.91 321.88 321.81 322.02 322.44 322.90 323.29 323.72 324.39 324.91 324.64 323.41 321.65 319.52 317.38 315.42 313.37 311.33 309.49 308.73 309.04 309.65 310.39 310.87 310.92 310.55 309.63 308.98 309.50 310.13 310.82 311.83 312.65 312.16 312.66 312.47 313.23 313.59 313.02 312.81 312.05 312.13 312.64 312.83 312.59 312.03 311.33 309.85 307.65 306.70 306.82 306.32 304.17 300.41 297.81 297.11 297.45 298.85 301.92 306.36
328.12 328.39 327.49 326.75 326.41 326.08 325.28 324.11 323.08 321.95 320.29 317.88 317.08 316.59 316.79 317.73 318.42 318.37 317.69 317.43 318.00 319.04 320.04 320.69 321.05 321.22 321.09 320.85 320.96 321.35 321.82 322.19 322.44 322.83 323.39 323.57 322.73 320.90 318.57 316.24 314.18 312.18 310.33 308.70 308.19 308.62 309.06 309.89 310.46 310.41 310.09 310.17 310.69 310.70 309.51 309.29 310.84 312.22 310.80 310.51 311.11 312.49 312.50 311.82 312.48 311.75 311.71 312.74 313.37 313.42 313.06 312.29 310.78 308.25 306.41 305.73 305.56 304.73 301.77 298.31 297.21 297.21 298.22 300.84 305.15
329.08 328.23 326.99 326.12 325.52 325.12 324.59 323.86 323.09 322.10 320.71 318.84 316.85 315.14 315.32 316.99 318.06 318.09 317.55 317.12 317.35 318.20 319.23 319.99 320.38 320.52 320.43 320.19 320.16 320.44 320.91 321.34 321.55 321.82 322.25 322.49 321.76 319.74 317.40 315.37 313.47 311.68 310.10 308.65 308.11 308.30 308.51 309.42 309.77 309.04 308.36 309.03 310.50 310.74 308.79 307.94 309.37 310.93 309.33 308.26 310.45 311.99 310.94 309.50 310.95 311.85 311.77 312.92 313.79 314.03 313.73 312.64 310.59 307.60 305.31 304.47 304.71 304.81 302.69 298.69 297.25 296.97 297.46 299.09 302.59
329.68 328.28 326.95 325.87 324.72 323.91 323.54 323.15 322.64 321.90 320.94 320.02 318.36 316.33 316.03 317.22 317.96 317.90 317.48 317.01 316.91 317.38 318.21 319.02 319.51 319.71 319.76 319.66 319.58 319.73 320.13 320.53 320.65 320.98 321.23 321.13 320.16 318.00 315.77 314.16 312.70 311.41 310.18 308.89 308.23 308.11 308.30 309.35 309.26 307.35 305.55 305.85 308.48 310.42 309.13 307.40 307.39 308.60 308.14 307.79 310.75 311.95 309.96 307.36 308.09 310.27 311.42 312.96 313.93 314.26 313.75 311.84 308.81 305.58 303.37 302.95 303.62 304.30 303.21 299.17 297.14 296.62 296.73 297.36 299.41
330.39 328.98 327.81 326.73 325.45 324.00 323.16 322.56 321.95 321.25 320.52 320.00 319.75 318.97 318.32 318.07 317.94 317.70 317.34 316.90 316.63 316.73 317.16 317.78 318.35 318.72 318.91 318.97 318.99 319.10 319.32 319.40 319.27 319.79 319.95 319.32 317.88 315.73 313.63 312.38 311.57 310.92 309.92 308.75 308.17 307.95 308.30 309.27 308.52 305.60 302.62 301.82 305.53 309.86 309.84 307.17 305.59 306.79 308.36 309.24 310.82 311.07 308.90 305.71 304.93 307.47 310.64 312.76 313.79 314.14 313.34 310.50 306.83 303.63 301.23 300.81 301.50 302.45 302.58 299.58 297.05 296.25 296.16 296.19 296.85
331.07 329.94 328.89 327.73 326.46 324.99 323.68 322.57 321.40 320.40 319.52 318.67 318.92 318.88 318.49 318.06 317.71 317.41 317.17 316.80 316.43 316.33 316.50 316.84 317.30 317.73 318.02 318.22 318.35 318.38 318.12 317.35 316.80 317.73 318.22 317.40 315.48 313.13 311.07 310.40 310.50 310.12 308.88 307.65 307.47 307.60 307.89 307.93 306.26 303.55 300.93 299.30 302.82 308.42 309.03 306.27 305.30 307.92 311.02 311.10 309.06 308.01 306.69 304.40 303.07 305.52 309.56 311.66 312.65 313.06 312.19 309.00 305.79 303.12 300.02 298.58 298.58 299.51 300.73 299.60 297.13 296.01 295.82 295.74 295.67
331.80 331.11 330.12 328.56 326.63 324.94 323.48 322.02 320.41 318.85 317.64 317.07 317.71 318.12 318.06 317.74 317.38 317.08 316.88 316.54 316.11 315.89 315.94 316.22 316.66 317.06 317.36 317.62 317.80 317.84 317.50 316.41 315.00 315.25 315.71 315.37 313.64 310.90 308.90 309.18 309.85 309.32 307.67 306.16 305.99 306.25 306.06 305.02 303.26 301.88 300.84 299.18 300.68 306.03 307.12 306.25 307.40 310.97 313.38 310.82 306.79 305.79 305.53 304.43 304.08 306.29 307.18 306.76 307.48 308.22 307.83 305.90 304.39 303.52 301.15 298.63 297.36 297.82 299.18 299.00 297.24 296.07 295.73 295.69 295.63
333.42 332.88 331.70 329.61 327.02 324.94 323.28 321.73 320.08 318.14 316.29 315.69 316.65 317.36 317.53 317.35 317.02 316.72 316.48 316.14 315.66 315.30 315.29 315.74 316.44 316.70 316.79 317.00 317.20 317.27 317.05 316.19 314.50 313.53 313.43 313.25 311.87 309.05 306.68 307.24 307.75 307.12 305.84 304.77 304.57 304.63 303.98 302.49 301.19 300.92 301.26 300.61 301.70 306.61 306.49 305.14 305.53 308.59 311.92 310.88 309.15 307.98 306.42 304.44 303.41 303.66 302.22 300.73 300.72 301.06 301.01 300.37 299.74 299.86 299.96 300.09 300.35 300.77 300.61 299.10 297.59 296.61 296.18 296.05 295.97
335.44 334.60 333.09 330.73 328.01 325.70 323.81 322.20 320.65 318.64 316.14 314.74 315.72 316.56 316.91 316.85 316.58 316.29 316.01 315.68 315.23 314.79 314.69 315.23 316.19 316.38 316.31 316.43 316.48 316.51 316.53 316.27 314.70 312.42 311.65 311.50 310.47 307.74 304.65 304.61 304.76 304.41 303.98 303.66 303.54 303.36 302.32 300.64 299.70 299.81 300.62 301.12 303.21 307.61 306.60 305.00 304.68 306.17 309.38 309.41 310.29 308.84 305.65 302.56 300.73 299.95 298.84 298.08 298.23 298.86 299.55 299.59 298.56 298.05 298.30 299.40 300.70 301.22 300.37 298.63 297.50 296.76 296.38 296.23 296.14
336.61 335.30 333.59 331.44 329.26 327.08 325.02 323.24 321.66 319.76 316.93 314.34 314.90 315.81 316.25 316.25 316.03 315.76 315.51 315.25 314.99 314.68 314.33 314.39 315.20 315.69 316.01 316.15 315.90 315.61 315.81 316.18 314.58 311.28 310.03 310.06 309.38 306.71 302.96 301.87 301.76 301.88 302.30 302.68 302.80 302.56 301.08 299.10 297.40 296.84 298.36 298.30 303.06 307.20 306.77 306.01 306.01 306.40 307.68 307.20 309.79 308.21 303.77 300.07 298.26 297.71 298.25 299.40 300.57 301.66 302.51 302.17 299.80 297.94 297.50 298.30 299.38 299.53 298.60 297.47 296.81 296.31 296.01 295.91 295.91
335.46 334.23 332.84 331.19 329.48 327.57 325.54 323.64 321.90 320.04 317.43 314.63 314.54 315.57 315.86 315.64 315.37 315.16 314.98 314.85 314.98 315.15 314.38 313.10 313.01 314.32 315.88 316.32 315.69 314.72 314.79 315.21 312.76 308.97 307.64 308.15 307.96 305.40 301.53 299.73 299.57 299.96 300.74 301.52 302.02 302.06 300.20 297.15 295.68 294.70 296.44 297.55 300.74 304.79 306.19 307.46 308.81 309.23 308.18 306.56 309.07 307.13 301.93 298.24 297.23 297.94 300.97 304.27 306.17 306.88 306.79 305.34 301.77 298.98 297.75 297.61 297.79 297.47 296.84 296.47 296.15 295.85 295.72 295.65 295.57
334.47 333.15 331.68 330.10 328.62 326.88 325.10 323.38 321.84 320.34 318.55 316.72 316.46 317.32 316.64 315.48 314.78 314.56 314.47 314.38 314.58 314.96 314.28 312.49 311.40 312.72 314.87 315.70 315.27 313.81 312.99 311.76 306.92 303.41 302.58 303.64 304.51 302.92 297.86 297.47 297.25 297.35 297.94 299.35 300.71 301.46 299.89 297.04 294.50 293.25 294.96 296.30 297.50 301.38 304.37 308.21 311.19 312.15 311.11 309.77 310.04 306.85 301.28 297.90 297.69 300.30 306.49 310.80 311.82 310.82 309.09 306.75 303.26 300.84 298.84 297.61 297.11 296.79 296.69 296.73 296.36 296.23 296.23 296.08 295.65
334.29 332.62 330.89 329.33 327.99 326.58 325.11 323.69 322.68 321.83 320.74 319.29 318.72 318.78 317.47 315.82 314.72 314.27 314.06 313.88 313.69 313.42 312.73 311.62 310.67 310.86 312.09 312.77 312.35 310.86 309.32 306.66 302.14 298.91 298.41 299.47 300.49 297.96 297.20 296.59 296.46 296.70 296.87 297.26 298.02 299.56 299.52 297.70 294.43 292.75 293.62 294.99 296.21 298.95 304.25 308.85 312.12 313.53 313.21 312.06 310.83 307.36 302.27 299.05 299.45 304.52 311.31 313.04 312.26 310.79 309.29 307.44 305.32 304.40 301.31 298.56 297.60 297.70 298.43 298.87 298.19 298.08 297.78 297.36 296.73
334.52 332.40 330.36 328.80 327.51 326.45 325.17 323.92 323.25 322.78 322.05 320.84 320.00 319.39 318.04 316.64 315.64 315.00 314.47 313.99 313.53 312.90 312.09 311.26 310.47 309.83 309.70 309.64 309.05 307.95 306.35 303.01 297.64 296.32 295.55 295.37 296.45 294.89 293.86 295.03 294.56 294.66 294.72 295.32 296.13 297.36 298.17 298.73 296.54 292.39 292.41 293.06 294.51 297.66 303.19 308.41 312.14 313.82 313.69 312.10 310.15 307.34 303.84 301.51 302.32 307.40 311.99 312.49 311.77 310.79 309.85 308.62 307.43 306.36 302.76 300.00 299.38 300.00 301.33 300.97 300.06 300.56 300.30 299.42 298.46
333.95 331.77 329.76 328.27 327.00 326.21 325.02 323.82 323.16 322.61 321.86 320.98 320.21 319.40 318.33 317.38 316.70 316.14 315.57 315.04 314.55 313.70 312.49 311.34 310.54 309.79 308.80 308.13 307.74 307.48 306.31 302.63 297.74 294.67 292.52 292.49 292.22 291.86 291.72 291.97 292.15 292.46 292.41 292.69 293.48 294.94 296.77 297.46 297.47 291.96 291.93 292.22 292.86 295.71 301.10 307.05 311.36 313.51 313.70 311.86 309.52 307.04 304.81 303.81 304.86 307.95 310.33 310.98 311.14 310.88 310.32 309.27 308.03 306.74 303.95 302.70 302.82 303.16 303.49 302.06 302.06 303.37 303.64 302.79 301.54
332.01 330.48 329.05 327.76 326.56 325.89 324.76 323.61 322.74 321.77 320.76 320.19 319.80 319.20 318.37 317.62 317.13 316.82 316.58 316.35 315.99 314.96 313.17 311.12 309.86 309.77 309.20 308.57 308.64 309.13 308.52 304.97 298.67 294.55 292.28 291.82 291.60 291.42 291.39 291.38 291.39 291.54 291.82 291.89 292.21 292.52 293.75 295.15 295.94 291.30 291.48 291.78 292.44 294.84 299.22 305.33 310.20 312.98 313.51 311.74 309.52 307.60 306.38 306.16 306.71 307.25 307.81 308.81 309.76 310.26 310.05 308.84 307.12 306.06 304.91 305.20 305.68 305.41 304.75 303.53 304.26 305.87 306.52 306.10 305.07
331.70 330.63 329.53 328.36 327.21 326.35 325.28 324.19 323.07 321.82 320.63 319.84 319.41 318.92 318.20 317.43 316.85 316.49 316.30 316.19 315.97 315.13 313.06 309.68 307.21 308.28 309.66 309.83 309.87 310.18 309.92 307.28 300.78 296.20 292.41 291.66 291.36 291.21 291.27 291.16 291.19 291.30 291.43 291.58 291.62 291.82 291.91 292.03 291.60 291.13 291.34 291.54 291.83 293.47 297.95 303.89 309.16 312.42 313.12 311.63 309.98 309.13 308.71 308.35 307.76 306.49 305.74 306.51 307.77 309.02 309.28 308.04 305.97 305.11 305.20 306.11 306.57 306.20 305.66 305.62 306.41 307.65 308.30 308.29 307.73
333.32 332.13 330.77 329.38 328.20 327.47 326.28 324.98 323.69 322.39 321.16 320.21 319.55 318.93 318.24 317.53 316.87 316.28 315.78 315.32 314.95 314.54 313.08 309.77 306.89 308.20 310.22 310.46 309.84 308.92 307.60 304.98 300.00 294.66 292.29 291.45 291.14 291.10 291.03 290.98 291.12 291.21 291.35 291.44 291.42 291.54 291.59 291.51 291.33 291.12 291.26 291.39 291.61 292.92 297.67 303.30 308.61 311.87 312.36 311.18 310.12 310.32 310.35 309.48 308.01 306.32 304.97 304.91 306.13 307.98 308.82 308.13 306.21 304.78 304.59 305.04 305.49 306.03 306.75 307.59 308.01 308.49 308.87 308.98 308.70
335.22 333.61 331.90 330.38 329.47 329.24 327.87 326.03 324.34 322.86 321.62 320.59 319.74 319.06 318.37 317.66 316.92 316.16 315.41 314.75 314.19 313.92 313.16 310.79 308.28 308.86 309.93 309.98 309.01 307.23 304.96 302.16 297.76 293.72 291.93 291.26 291.09 291.00 290.96 290.94 290.97 291.03 291.14 291.38 291.45 291.48 291.48 291.42 291.27 291.21 291.19 291.30 291.63 292.83 297.25 303.24 308.47 311.39 311.57 310.61 309.28 309.44 309.47 308.64 307.38 306.14 304.98 304.63 305.81 307.61 308.57 308.66 307.87 305.97 304.80 304.51 305.02 306.30 307.46 308.00 308.26 308.37 308.59 308.74 308.52
336.79 334.78 332.85 331.55 331.43 331.62 329.71 327.21 325.10 323.41 322.12 321.05 320.01 319.30 318.60 317.82 316.96 316.06 315.07 314.26 313.56 313.12 312.77 311.51 309.68 309.30 309.34 309.21 308.46 306.77 304.19 300.94 296.84 292.98 291.63 291.20 291.08 291.00 290.92 290.92 290.85 290.88 291.00 291.27 291.41 291.43 291.39 291.44 291.29 291.20 291.28 291.27 291.76 293.17 297.87 303.58 308.48 310.85 310.88 310.30 308.98 308.44 308.20 307.56 306.64 305.69 304.80 304.72 306.03 307.14 307.67 308.26 308.29 307.27 306.45 306.14 306.47 307.43 308.07 308.11 308.03 307.93 308.13 308.45 308.46
337.83 335.64 333.86 333.22 334.04 333.99 331.28 328.47 326.37 324.66 323.17 321.88 320.63 319.80 319.09 318.23 317.20 316.12 314.91 313.88 312.92 312.21 311.81 311.21 310.17 309.39 309.26 309.41 308.96 307.06 303.72 300.16 295.35 292.52 291.59 291.28 291.10 291.05 291.07 291.07 291.03 290.97 291.01 291.26 291.33 291.36 291.36 291.32 291.24 291.17 291.31 291.45 291.96 293.97 298.80 304.22 308.44 310.18 310.22 310.22 309.32 307.81 306.91 306.40 305.88 305.19 304.45 304.42 305.44 305.93 306.30 307.23 307.64 307.46 307.60 307.61 307.72 308.10 308.27 308.04 307.70 307.49 307.78 308.25 308.44
338.53 336.43 335.31 335.63 336.73 335.43 332.11 329.87 328.50 327.03 325.21 323.41 321.82 320.73 320.03 319.09 317.84 316.51 315.06 313.70 312.29 311.47 310.79 310.19 309.65 308.98 309.26 309.79 309.24 306.58 302.39 298.05 294.86 292.06 291.67 291.28 291.25 291.61 293.64 292.43 291.58 291.31 291.17 291.25 291.33 291.37 291.31 291.22 291.17 291.14 291.37 291.65 292.36 295.47 300.63 305.17 308.50 309.40 309.22 309.53 309.18 307.18 305.69 305.21 305.07 304.79 304.28 303.86 303.99 304.07 304.59 305.63 306.02 306.59 307.72 308.10 308.15 308.19 308.07 307.65 307.08 306.82 307.34 308.05 308.38
339.72 337.72 337.68 338.49 338.25 335.27 332.41 331.73 331.23 329.95 327.97 325.71 323.47 322.14 321.56 320.42 318.80 317.17 315.51 313.82 312.04 311.43 310.89 310.00 309.01 307.93 307.61 307.47 306.25 303.56 298.35 297.14 295.67 292.58 291.78 291.51 292.11 297.23 298.20 296.63 292.73 291.99 291.67 291.50 291.77 291.66 291.39 291.20 291.19 291.21 291.43 292.16 293.20 296.66 302.00 306.08 308.35 308.13 307.29 307.50 307.66 306.07 304.51 304.03 304.25 304.58 304.50 303.59 302.51 302.17 302.70 303.44 303.62 304.91 306.74 307.51 307.79 307.90 307.74 307.13 306.24 305.91 306.65 307.64 308.16
340.94 339.64 340.43 340.79 338.92 335.41 333.77 333.98 333.67 332.37 330.32 327.72 324.94 322.81 321.76 320.60 319.01 317.25 315.36 313.83 313.05 312.78 312.42 311.85 311.10 309.82 307.61 305.07 302.74 300.79 299.39 297.23 296.07 293.13 291.97 292.08 293.24 299.13 300.99 297.85 297.03 294.93 293.47 292.90 294.80 293.74 292.04 291.36 291.23 291.32 291.85 292.68 294.79 298.72 303.21 305.94 306.72 305.27 303.77 304.13 304.83 304.19 303.22 302.94 303.51 304.46 304.87 304.06 302.26 301.20 300.92 300.80 300.80 302.79 305.05 306.33 307.10 307.59 307.64 306.96 305.59 305.01 305.66 306.81 307.60
341.69 341.47 342.54 342.18 339.51 336.43 335.97 336.30 335.68 334.04 331.71 328.84 325.77 323.15 321.40 319.86 318.31 316.78 315.15 314.39 314.37 314.11 313.60 313.11 312.77 312.16 310.20 306.59 302.57 297.85 298.86 297.21 295.71 293.22 292.55 293.59 296.41 299.78 300.94 300.51 300.70 299.55 301.83 299.96 299.64 300.16 296.02 291.81 291.62 291.79 292.89 294.36 297.02 301.61 303.94 304.15 302.64 300.69 299.92 300.91 302.04 302.07 301.78 301.80 302.31 303.14 303.58 303.06 301.93 301.23 300.57 299.35 298.52 300.43 303.70 305.36 306.39 307.39 308.01 307.78 306.18 304.92 304.73 305.46 306.41
343.11 343.22 343.64 342.60 339.96 337.67 337.67 337.78 336.79 334.71 332.14 329.36 326.50 323.99 322.06 320.06 318.19 316.74 315.66 315.58 315.70 315.22 314.53 314.07 313.91 313.62 312.26 309.14 304.74 298.94 297.10 296.59 294.45 293.34 294.63 296.08 297.54 299.67 300.44 300.74 302.29 304.48 305.58 305.84 305.34 303.57 299.76 293.66 293.10 293.28 294.75 296.82 299.96 302.49 303.53 302.53 300.20 298.36 297.99 298.87 300.25 301.27 301.56 301.55 301.61 301.80 301.89 301.78 301.82 302.21 301.75 299.77 297.91 299.63 303.12 304.39 305.16 306.40 307.68 308.23 307.44 305.97 304.64 304.20 305.03
345.31 344.59 343.70 342.07 339.80 338.02 337.76 337.81 336.91 334.87 332.43 330.04 327.73 325.78 324.22 321.94 319.51 317.76 316.96 316.93 316.63 315.91 315.19 314.78 314.58 314.22 313.26 311.30 307.99 304.21 299.35 298.48 296.51 295.57 296.74 297.36 299.17 299.75 299.81 300.61 303.38 306.31 307.71 308.01 307.34 305.76 301.94 297.75 296.06 296.05 297.22 299.45 301.65 302.37 302.11 300.91 299.05 297.83 297.65 298.11 299.47 301.76 302.85 302.89 302.51 302.01 301.49 301.37 302.22 303.37 303.01 300.67 298.10 298.91 301.69 302.84 303.71 305.09 306.77 308.13 308.26 307.12 305.28 303.67 303.56
347.29 345.18 343.08 340.93 338.70 336.79 336.05 336.43 336.37 335.27 333.50 331.55 329.71 328.42 327.41 325.06 322.16 319.88 318.70 317.90 316.90 315.97 315.31 315.00 314.78 314.36 313.63 312.56 310.94 308.54 305.56 302.58 300.14 298.24 298.39 299.37 300.64 300.11 299.33 300.41 303.75 306.58 307.78 307.96 307.30 306.44 304.82 302.41 300.06 299.51 299.00 301.78 302.18 301.42 300.46 299.79 299.16 298.91 299.01 299.08 299.90 302.80 304.71 305.18 304.64 303.64 302.43 301.67 302.45 303.78 303.73 301.84 299.49 299.39 300.86 301.66 302.50 303.79 305.60 307.68 308.46 307.61 305.88 303.96 302.86
348.22 345.92 343.51 340.98 338.48 336.19 335.05 335.32 335.96 336.07 335.11 333.30 331.62 330.92 330.08 327.50 324.53 322.18 320.24 318.19 316.54 315.20 314.30 314.09 314.17 314.20 313.88 313.16 312.29 311.29 309.61 306.88 303.73 301.58 301.76 302.60 302.19 300.65 299.39 300.64 303.42 305.66 306.60 306.89 306.64 306.33 307.02 306.38 304.72 303.59 303.50 303.20 302.13 300.65 299.89 300.00 300.50 301.14 301.68 301.61 301.62 303.81 306.09 307.25 306.96 305.81 304.08 302.30 302.12 303.06 303.50 302.75 301.58 301.40 301.72 301.75 302.03 302.78 304.29 306.69 307.89 307.27 305.98 304.52 303.17
348.61 346.51 344.36 341.97 339.36 336.78 335.19 335.15 336.12 336.97 336.34 334.05 331.92 330.93 330.22 328.38 325.73 323.06 320.54 318.19 316.49 314.47 312.31 311.42 311.73 312.57 313.13 312.76 312.23 311.61 310.57 308.55 305.52 303.26 303.83 304.27 303.31 301.65 300.58 301.70 303.32 304.30 304.88 305.77 306.84 307.29 307.57 307.94 307.05 305.63 304.76 304.15 303.35 302.64 302.33 302.49 302.82 303.27 303.91 304.12 304.27 305.02 306.52 307.94 308.17 307.34 305.52 303.05 301.64 301.65 302.19 302.53 302.80 303.74 304.04 303.33 302.63 302.34 302.92 304.92 306.48 306.41 305.58 304.60 303.86
348.49 346.62 344.84 342.74 340.20 337.46 335.46 335.14 336.23 337.30 336.54 333.61 330.93 329.61 329.01 327.84 325.45 322.72 320.72 319.25 317.19 314.61 311.62 309.95 310.10 311.25 312.03 311.83 311.64 311.26 310.49 308.87 306.29 304.31 304.75 305.11 304.15 302.53 301.45 302.28 303.90 304.22 304.55 305.71 307.16 307.89 308.40 309.13 308.94 307.70 306.36 305.54 305.10 304.81 304.41 304.13 304.07 304.06 304.22 304.71 305.80 306.40 307.13 308.03 308.23 307.45 305.64 303.25 301.63 301.11 301.17 301.45 302.00 303.33 304.47 304.60 304.13 303.33 302.90 303.63 304.67 305.31 305.20 304.11 302.86
348.19 346.38 344.80 342.96 340.67 338.02 335.54 334.88 336.05 337.10 336.22 333.24 330.31 328.52 327.53 326.47 324.59 322.77 322.05 321.19 318.46 315.74 312.89 310.95 310.57 311.12 311.34 310.87 310.68 310.53 310.18 309.24 307.46 305.47 305.49 306.02 305.11 303.25 301.82 302.20 303.55 303.71 304.38 305.99 307.52 308.27 309.19 310.25 310.44 309.32 307.66 306.56 306.12 305.90 305.51 305.38 305.37 305.04 304.74 305.37 307.07 307.57 307.72 308.09 308.05 307.06 305.21 303.22 301.81 301.12 300.80 300.77 301.14 302.24 303.45 303.95 303.81 303.17 302.60 302.75 303.37 303.94 304.01 303.01 301.34
347.93 345.82 344.04 342.22 340.24 337.94 335.08 334.23 335.63 336.81 336.23 333.73 330.76 328.43 326.77 325.48 324.40 324.02 324.37 323.26 319.77 317.06 314.72 312.95 311.98 311.27 310.01 308.62 308.69 309.33 309.86 309.96 309.06 306.94 306.46 306.92 305.93 303.86 302.12 301.90 302.55 302.73 303.91 306.01 307.74 308.64 309.82 311.08 311.55 310.57 308.68 307.27 306.76 306.66 306.54 306.72 306.83 306.38 305.79 306.34 308.10 308.60 308.53 308.57 308.30 307.20 305.41 303.69 302.40 301.52 300.86 300.47 300.49 301.12 302.03 302.53 302.52 302.08 301.54 301.41 301.74 301.98 301.83 300.92 299.36
347.67 344.75 342.22 340.04 338.25 336.44 333.69 333.21 335.14 336.95 337.19 335.19 332.08 329.30 327.32 326.06 325.75 326.31 326.70 324.69 320.86 318.02 315.71 313.95 312.47 310.46 307.21 304.68 305.43 307.40 309.19 310.52 310.42 308.45 307.59 307.46 306.29 304.40 302.75 301.95 301.71 301.90 303.42 305.65 307.57 308.86 310.15 311.55 312.38 311.70 309.72 307.90 307.24 307.38 307.61 307.99 308.21 307.92 307.40 307.84 309.30 309.84 309.76 309.62 309.23 308.23 306.68 304.98 303.48 302.36 301.44 300.69 300.17 300.09 300.53 300.84 300.84 300.52 300.05 299.75 299.84 299.81 299.49 298.76 297.63
346.82 342.88 339.24 336.60 334.84 333.35 331.32 332.03 334.48 336.86 337.92 336.63 333.63 330.75 328.70 327.86 327.87 328.12 327.97 325.67 322.55 319.94 316.97 313.90 311.26 308.22 304.07 301.51 302.09 304.44 307.21 309.77 310.53 309.28 308.27 307.30 305.99 304.82 303.71 302.67 301.93 302.09 303.58 305.24 306.89 308.48 309.96 311.65 313.02 312.86 310.95 308.62 307.58 307.85 308.27 308.75 309.19 309.36 309.38 309.96 311.14 311.63 311.45 311.09 310.65 309.91 308.72 306.87 305.04 303.92 302.86 301.64 300.38 299.37 299.28 299.34 299.27 299.05 298.70 298.34 298.26 298.15 297.92 297.55 297.05
345.61 341.05 336.84 334.07 332.26 330.69 329.32 330.77 333.36 335.87 337.58 337.51 335.39 332.55 330.63 330.04 329.62 328.81 327.67 325.49 322.92 320.51 317.93 315.22 312.64 309.62 306.15 302.84 301.24 301.91 304.48 307.84 309.54 308.85 307.63 305.85 304.34 303.79 303.36 302.92 302.58 302.41 303.52 304.69 306.04 307.50 308.89 310.90 312.72 313.09 311.56 309.06 307.48 307.64 308.12 308.80 309.71 310.58 311.44 312.54 313.79 313.97 313.22 312.44 311.87 311.31 310.40 308.59 307.00 306.60 305.62 303.67 301.47 299.51 298.75 298.47 298.30 298.18 298.09 298.00 297.97 297.91 297.91 298.13 298.39
343.34 338.72 334.77 332.11 330.26 328.60 327.72 329.43 331.95 334.46 336.63 337.81 337.10 334.69 332.86 332.08 331.07 329.50 327.78 325.72 323.27 320.86 318.64 316.44 314.18 311.62 308.88 305.67 303.33 303.09 304.87 307.33 308.32 307.53 306.11 304.00 302.30 301.64 301.54 302.48 303.43 302.56 302.71 303.66 304.93 306.08 307.35 309.69 311.82 312.51 311.33 308.90 306.80 306.47 306.99 307.92 309.55 311.42 313.28 315.05 316.19 315.97 314.64 313.35 312.53 311.88 311.06 309.51 308.66 309.25 308.79 306.57 303.59 301.07 299.65 298.87 298.52 298.66 299.17 299.75 300.21 300.19 300.23 300.94 301.69
339.90 335.84 332.68 330.33 328.49 326.87 326.28 328.05 330.49 332.99 335.31 337.25 337.95 336.60 334.84 333.50 331.97 330.15 328.43 326.66 324.20 321.64 319.26 317.05 315.04 313.07 311.04 308.80 307.10 306.62 307.16 307.77 307.37 306.03 304.56 302.55 300.70 299.57 299.36 301.38 303.93 303.24 302.43 302.64 303.42 304.24 305.67 308.37 310.96 311.97 311.05 308.67 306.23 305.30 305.62 306.68 308.95 311.71 314.28 316.26 317.05 316.86 315.70 314.20 313.11 312.32 311.48 310.31 309.69 310.24 310.18 308.56 305.67 302.79 300.93 299.87 299.59 300.32 301.57 302.55 303.11 303.02 302.86 303.45 304.16
335.90 332.72 330.43 328.49 326.74 325.25 324.83 326.67 329.01 331.36 333.47 335.50 337.04 336.95 335.61 333.84 331.99 330.23 328.76 327.36 325.10 322.48 319.72 317.12 315.13 313.64 312.29 311.15 310.44 310.02 309.57 308.71 307.30 305.44 303.80 301.88 299.97 298.44 297.71 299.78 303.94 304.36 303.15 302.32 302.19 302.61 304.10 306.90 309.88 311.28 310.63 308.40 305.94 304.59 304.59 305.60 308.02 311.04 313.81 315.67 316.19 316.22 315.72 314.63 313.58 312.70 311.78 310.82 310.28 310.55 310.63 309.55 307.23 304.52 302.48 301.09 300.86 302.12 303.77 304.67 304.95 304.70 304.47 304.75 305.11
332.65 330.08 328.26 326.68 325.07 323.61 323.32 325.27 327.22 329.07 330.77 332.41 333.85 334.40 334.28 332.90 330.99 329.22 327.73 326.54 324.87 322.62 319.88 317.04 314.85 313.63 312.85 312.21 311.81 311.40 310.76 309.70 308.20 306.27 304.29 302.17 300.40 298.93 297.38 298.10 303.61 305.60 304.58 302.96 301.89 301.77 302.83 305.22 308.14 309.89 309.71 307.97 305.90 304.38 304.04 304.87 306.87 309.42 311.89 313.58 314.18 314.53 314.75 314.47 313.85 313.03 312.00 311.05 310.59 310.85 311.08 310.16 308.22 305.97 304.10 302.41 301.95 303.36 305.06 305.81 305.82 305.49 305.29 305.27 305.20
331.01 328.60 326.78 325.27 323.78 322.31 321.81 323.44 325.00 326.39 327.67 328.92 329.98 330.72 331.83 331.44 329.71 327.73 326.04 324.81 323.73 322.15 319.94 317.28 314.96 313.61 313.02 312.52 312.04 311.60 311.11 310.34 309.03 307.57 305.73 303.48 302.23 301.50 298.81 297.04 303.31 306.54 305.76 304.10 302.79 302.00 301.88 303.20 305.23 307.11 307.84 307.29 305.96 304.40 303.78 304.42 305.69 307.30 309.19 310.90 312.00 312.74 313.38 313.84 313.84 313.27 312.22 311.22 310.85 311.38 311.92 310.85 308.77 306.92 305.47 303.73 302.78 303.82 305.35 306.11 306.13 305.86 305.67 305.43 305.07
330.55 328.26 326.30 324.58 322.96 321.39 320.49 321.63 322.91 324.11 325.17 326.10 326.85 328.09 329.88 330.02 328.62 326.61 324.75 323.46 322.75 321.75 320.07 317.75 315.47 313.90 313.20 312.66 312.04 311.44 310.94 310.34 309.47 308.49 306.76 304.62 303.25 302.09 298.94 296.50 302.49 306.44 306.06 304.88 303.92 302.72 301.14 299.68 300.38 302.56 305.08 306.64 306.16 304.30 303.30 304.05 304.88 305.82 307.33 309.10 310.71 311.61 312.56 313.41 313.63 313.31 312.70 311.91 311.43 311.78 312.27 311.19 309.04 307.34 306.26 304.87 303.65 303.98 305.12 305.96 306.21 306.03 305.75 305.39 304.96
331.21 329.15 326.98 324.87 322.94 321.16 319.77 320.12 321.04 321.99 322.89 323.73 324.50 326.21 328.07 328.36 327.22 325.38 323.70 322.66 322.32 322.03 320.91 318.83 316.45 314.50 313.44 312.83 312.11 311.40 310.88 310.44 309.92 309.26 307.15 304.59 301.96 299.43 296.86 295.81 300.54 304.67 305.68 305.09 303.94 302.91 301.31 298.08 297.30 299.15 302.83 305.91 306.12 303.95 302.55 303.39 304.41 305.29 306.48 308.00 309.50 310.32 311.55 313.00 313.65 313.58 313.62 313.63 312.95 312.63 312.46 311.45 309.67 307.94 306.76 305.67 304.82 304.76 305.26 305.83 306.06 305.88 305.61 305.30 304.96
332.52 330.67 328.38 325.90 323.60 321.50 319.49 318.83 319.31 319.96 320.72 321.67 322.87 324.79 326.17 326.29 325.33 323.91 322.81 322.41 322.75 323.34 322.71 320.55 317.81 315.38 313.78 313.04 312.30 311.61 311.10 310.68 310.15 309.44 307.22 304.41 300.85 297.26 295.12 294.98 297.96 301.79 303.98 303.72 302.94 303.15 302.19 298.95 297.69 298.69 301.90 304.87 305.37 303.31 301.97 302.88 304.08 304.80 305.44 306.68 308.25 308.91 310.15 312.00 313.15 313.51 314.18 314.99 314.15 313.46 313.00 312.03 310.44 308.51 307.15 306.30 305.73 305.53 305.56 305.67 305.64 305.49 305.33 305.14 304.96
333.39 331.59 329.41 326.82 324.26 321.80 319.25 317.71 317.81 318.15 318.78 320.02 321.86 323.61 324.15 323.93 323.18 322.44 322.28 322.84 324.09 325.48 325.20 322.78 319.59 316.64 314.36 313.31 312.60 311.97 311.47 310.95 310.19 309.13 307.19 304.69 301.18 297.31 295.02 294.58 295.70 298.44 300.87 301.28 302.13 303.92 303.24 300.67 299.85 299.86 301.38 303.22 303.74 302.31 301.65 302.61 303.63 303.90 304.15 305.63 307.60 308.05 309.07 310.82 312.12 312.88 313.95 314.80 313.97 313.22 312.90 312.43 311.24 309.01 307.43 306.76 306.33 306.00 305.69 305.42 305.18 305.08 305.02 304.94 304.88
332.09 330.11 328.32 326.19 323.67 321.00 318.50 316.98 316.81 316.89 317.47 319.10 321.37 322.54 322.20 321.74 321.37 321.54 322.49 324.05 325.98 327.66 327.56 325.11 321.69 318.31 315.33 313.68 312.93 312.34 311.77 311.14 310.24 308.84 307.25 305.49 302.95 299.65 297.01 295.57 294.84 295.74 297.36 299.03 302.14 304.67 303.63 301.52 301.47 300.70 300.12 300.59 301.13 300.97 301.54 302.50 303.02 302.80 303.03 305.12 307.61 307.95 308.66 309.93 311.05 312.04 313.07 313.35 312.65 312.05 312.10 312.52 312.06 309.56 307.73 307.06 306.61 306.16 305.67 305.21 304.88 304.82 304.81 304.80 304.77
329.13 327.44 325.84 324.09 321.89 319.55 317.71 316.66 316.35 316.42 317.10 318.76 320.87 321.52 320.67 320.28 320.49 321.57 323.30 325.07 326.62 327.78 327.84 326.18 323.17 319.64 316.43 314.15 313.24 312.60 312.01 311.41 310.71 309.49 307.82 306.24 304.53 302.62 300.86 299.02 296.39 295.26 295.76 298.51 302.10 303.45 302.37 300.56 300.82 299.59 297.34 296.77 297.58 299.38 301.42 302.27 302.43 302.12 302.56 304.98 307.73 308.27 308.80 309.57 310.51 311.56 312.18 311.73 311.17 310.78 311.11 312.32 312.70 310.19 308.09 307.16 306.53 306.02 305.55 305.11 304.80 304.76 304.76 304.76 304.70
326.42 325.01 323.58 321.96 320.07 318.27 317.01 316.29 315.98 316.11 316.76 318.03 319.49 319.85 319.53 319.68 320.47 321.97 323.53 324.66 325.58 326.72 326.99 325.55 322.71 319.52 316.70 314.52 313.46 312.75 312.16 311.65 311.15 310.39 308.81 307.43 306.55 305.56 304.38 302.71 299.80 297.61 296.23 296.83 298.59 299.47 299.68 298.28 297.51 296.23 294.51 293.86 294.52 297.02 300.18 301.49 301.83 301.69 302.09 304.22 307.02 308.07 308.64 309.23 310.24 311.62 312.16 311.09 310.39 310.12 310.48 311.70 312.50 310.51 308.22 306.90 306.06 305.59 305.30 305.04 304.81 304.77 304.78 304.77 304.65
323.35 322.57 321.49 320.08 318.54 317.23 316.37 315.81 315.56 315.74 316.34 317.25 318.10 318.33 318.71 319.47 320.55 321.94 323.07 323.63 324.07 325.24 325.58 324.10 321.43 318.70 316.40 314.58 313.53 312.79 312.15 311.67 311.32 310.92 309.87 309.12 308.94 308.44 307.44 305.75 302.95 299.85 296.96 295.79 295.61 295.74 296.39 295.73 294.68 293.72 292.77 292.33 292.52 293.82 296.44 298.73 299.97 300.22 300.91 302.95 305.84 307.87 308.65 308.82 309.68 311.62 312.56 311.03 309.93 309.78 310.03 310.56 310.87 309.62 307.71 306.15 305.06 304.60 304.58 304.81 304.85 304.81 304.81 304.80 304.71
319.70 319.95 319.46 318.47 317.36 316.43 315.75 315.24 315.03 315.38 316.23 317.18 317.63 317.62 318.30 319.27 320.28 321.31 322.06 322.40 322.75 323.73 323.87 322.38 320.07 317.80 315.89 314.38 313.45 312.69 311.99 311.47 311.20 311.00 310.57 310.51 310.91 310.84 309.95 308.22 305.53 301.43 297.93 296.33 295.33 294.72 294.90 294.12 292.94 292.27 291.74 291.40 291.31 291.72 293.19 295.53 297.38 297.99 299.53 302.49 305.98 309.12 310.12 309.89 310.26 311.78 312.63 310.90 309.29 309.36 309.62 309.58 309.32 308.39 306.71 304.80 303.35 302.99 303.54 304.51 304.81 304.79 304.80 304.81 304.78
316.56 317.49 317.54 317.04 316.39 315.76 315.18 314.64 314.46 315.10 316.52 317.92 318.13 317.72 318.14 318.77 319.45 320.13 320.74 321.26 321.86 322.47 322.21 320.80 318.92 317.05 315.37 314.03 313.17 312.46 311.77 311.23 310.93 310.74 310.62 311.05 312.12 312.86 312.32 310.44 307.69 303.01 299.56 298.10 296.88 295.70 295.46 294.15 292.40 291.62 291.14 290.82 290.66 290.73 291.30 293.15 295.24 296.02 298.11 302.22 306.72 310.74 312.46 312.29 312.12 312.74 312.96 310.82 308.42 308.41 308.90 308.77 308.06 306.80 304.98 302.70 301.15 301.38 302.86 304.43 304.75 304.69 304.77 304.82 304.87
317.92 316.75 316.18 315.76 315.41 315.08 314.71 314.18 314.02 314.87 316.72 318.32 318.29 317.75 317.80 317.81 318.08 318.63 319.41 320.37 321.27 321.61 321.04 319.70 318.05 316.44 314.90 313.64 312.65 312.08 311.60 311.15 310.80 310.41 310.01 310.59 312.60 314.77 315.03 312.80 309.71 305.35 302.16 300.29 298.37 296.51 296.25 294.82 292.43 291.34 290.81 290.56 290.49 290.57 290.86 292.01 293.86 294.78 297.03 301.85 307.15 311.53 314.33 314.85 314.46 314.24 313.47 310.64 307.28 307.14 308.20 308.33 307.16 305.03 302.66 300.14 298.90 300.00 302.54 304.51 304.74 304.59 304.76 304.89 305.01
319.41 316.91 315.44 314.38 314.04 314.35 314.43 314.02 313.71 313.93 314.80 315.72 316.18 316.74 316.95 316.66 316.55 317.08 318.41 319.96 320.88 321.07 320.75 319.87 318.38 316.57 314.66 313.13 311.80 311.42 311.41 311.30 311.01 310.42 309.24 309.59 312.55 316.57 318.08 315.44 311.82 308.19 305.32 302.38 298.33 294.61 293.33 292.65 291.63 290.98 290.70 290.74 290.97 291.28 291.48 291.58 292.57 293.89 296.71 301.59 306.65 310.69 314.32 315.91 315.93 315.40 313.65 310.18 306.20 306.40 308.26 308.67 306.93 303.74 300.54 297.86 297.01 298.70 302.00 304.42 304.78 304.50 304.73 305.04 305.30
319.83 316.94 314.61 312.40 311.97 313.37 314.06 313.80 313.42 313.28 313.49 313.90 314.35 315.05 315.31 315.14 315.01 315.72 317.50 319.38 320.32 320.45 320.39 320.00 318.91 317.08 314.94 313.07 311.52 310.90 310.91 311.02 310.91 310.41 308.94 308.58 310.98 314.96 317.18 315.54 312.20 308.96 306.25 302.79 298.11 294.08 292.57 291.87 291.15 290.84 291.00 291.65 292.66 293.61 293.98 292.97 292.12 292.91 296.06 300.57 304.86 308.45 311.97 314.29 315.48 315.61 313.82 310.36 307.04 307.73 309.89 310.53 308.57 304.85 300.81 297.11 295.57 296.70 300.15 303.59 304.74 304.23 304.38 305.10 305.77
319.57 316.93 314.44 311.86 311.24 312.58 313.40 313.36 313.14 312.97 312.97 313.09 313.23 313.41 313.39 313.35 313.38 314.29 316.25 318.09 318.79 318.83 318.89 318.89 318.36 316.95 314.95 313.02 311.45 310.44 310.02 310.08 310.11 309.62 308.24 307.31 308.43 311.12 313.07 312.63 310.40 307.67 305.07 301.76 297.55 294.08 292.63 291.85 291.23 291.18 291.91 293.63 295.74 296.94 297.00 295.55 293.53 292.87 295.06 298.82 302.40 305.58 308.91 311.11 312.54 313.70 313.83 311.77 308.93 309.56 311.83 313.55 312.83 309.50 304.87 300.52 297.61 297.00 299.02 302.32 304.11 303.47 303.04 304.08 305.37
318.96 316.94 314.93 312.74 311.66 312.02 312.61 312.87 312.96 313.01 313.10 313.12 312.93 312.47 312.01 311.85 311.91 312.76 314.45 315.88 316.30 316.30 316.37 316.50 316.37 315.62 314.19 312.56 311.25 310.03 309.02 308.71 308.72 308.23 307.08 305.95 306.02 307.15 308.12 308.20 307.10 304.79 302.36 299.92 296.93 294.32 292.95 292.14 291.79 292.33 293.84 296.21 298.32 298.84 298.83 297.89 295.73 293.78 294.03 296.82 300.35 303.06 306.22 308.26 309.50 311.04 312.72 312.32 310.04 310.92 313.56 316.71 318.56 317.51 313.44 307.66 302.85 300.23 300.42 302.63 304.08 303.20 301.78 302.02 303.54
