199.90 199.90 199.90 199.90 199.90 199.57 199.57 199.57 199.57 199.57 199.24 199.24 199.24 199.24 199.24 198.91 198.91 198.91 198.91 198.91 198.59 198.59 198.59 198.59 198.59 198.31 198.31 198.31 198.31 198.31 197.98 197.98 197.98 197.98 197.98 197.69 197.69 197.69 197.69 197.69 197.42 197.42 197.42 197.42 197.42 197.16 197.16 197.16 197.16 197.16 196.91 196.91 196.91 196.91 196.91 196.68 196.68 196.68 196.68 196.68 196.48 196.48 196.48 196.48 196.48 196.31 196.31 196.31 196.31 196.31 196.12 196.12 196.12 196.12 196.12 195.99 195.99 195.99 195.99 195.99 195.87 195.87 195.87 195.87 195.87
199.90 199.90 199.90 199.90 199.90 199.57 199.57 199.57 199.57 199.57 199.24 199.24 199.24 199.24 199.24 198.91 198.91 198.91 198.91 198.91 198.59 198.59 198.59 198.59 198.59 198.31 198.31 198.31 198.31 198.31 197.98 197.98 197.98 197.98 197.98 197.69 197.69 197.69 197.69 197.69 197.42 197.42 197.42 197.42 197.42 197.16 197.16 197.16 197.16 197.16 196.91 196.91 196.91 196.91 196.91 196.68 196.68 196.68 196.68 196.68 196.48 196.48 196.48 196.48 196.48 196.31 196.31 196.31 196.31 196.31 196.12 196.12 196.12 196.12 196.12 195.99 195.99 195.99 195.99 195.99 195.87 195.87 195.87 195.87 195.87
199.90 199.90 199.90 199.90 199.90 199.57 199.57 199.57 199.57 199.57 199.24 199.24 199.24 199.24 199.24 198.91 198.91 198.91 198.91 198.91 198.59 198.59 198.59 198.59 198.59 198.31 198.31 198.31 198.31 198.31 197.98 197.98 197.98 197.98 197.98 197.69 197.69 197.69 197.69 197.69 197.42 197.42 197.42 197.42 197.42 197.16 197.16 197.16 197.16 197.16 196.91 196.91 196.91 196.91 196.91 196.68 196.68 196.68 196.68 196.68 196.48 196.48 196.48 196.48 196.48 196.31 196.31 196.31 196.31 196.31 196.12 196.12 196.12 196.12 196.12 195.99 195.99 195.99 195.99 195.99 195.87 195.87 195.87 195.87 195.87
199.90 199.90 199.90 199.90 199.90 199.57 199.57 199.57 199.57 199.57 199.24 199.24 199.24 199.24 199.24 198.91 198.91 198.91 198.91 198.91 198.59 198.59 198.59 198.59 198.59 198.31 198.31 198.31 198.31 198.31 197.98 197.98 197.98 197.98 197.98 197.69 197.69 197.69 197.69 197.69 197.42 197.42 197.42 197.42 197.42 197.16 197.16 197.16 197.16 197.16 196.91 196.91 196.91 196.91 196.91 196.68 196.68 196.68 196.68 196.68 196.48 196.48 196.48 196.48 196.48 196.31 196.31 196.31 196.31 196.31 196.12 196.12 196.12 196.12 196.12 195.99 195.99 195.99 195.99 195.99 195.87 195.87 195.87 195.87 195.87
199.90 199.90 199.90 199.90 199.90 199.57 199.57 199.57 199.57 199.57 199.24 199.24 199.24 199.24 199.24 198.91 198.91 198.91 198.91 198.91 198.59 198.59 198.59 198.59 198.59 198.31 198.31 198.31 198.31 198.31 197.98 197.98 197.98 197.98 197.98 197.69 197.69 197.69 197.69 197.69 197.42 197.42 197.42 197.42 197.42 197.16 197.16 197.16 197.16 197.16 196.91 196.91 196.91 196.91 196.91 196.68 196.68 196.68 196.68 196.68 196.48 196.48 196.48 196.48 196.48 196.31 196.31 196.31 196.31 196.31 196.12 196.12 196.12 196.12 196.12 195.99 195.99 195.99 195.99 195.99 195.87 195.87 195.87 195.87 195.87
199.40 199.40 199.40 199.40 199.40 199.08 199.08 199.08 199.08 199.08 198.77 198.77 198.77 198.77 198.77 198.47 198.47 198.47 198.47 198.47 198.17 198.17 198.17 198.17 198.17 197.90 197.90 197.90 197.90 197.90 197.59 197.59 197.59 197.59 197.59 197.32 197.32 197.32 197.32 197.32 197.07 197.07 197.07 197.07 197.07 196.82 196.82 196.82 196.82 196.82 196.60 196.60 196.60 196.60 196.60 196.39 196.39 196.39 196.39 196.39 196.20 196.20 196.20 196.20 196.20 196.04 196.04 196.04 196.04 196.04 195.88 195.88 195.88 195.88 195.88 195.76 195.76 195.76 195.76 195.76 195.66 195.66 195.66 195.66 195.66
199.40 199.40 199.40 199.40 199.40 199.08 199.08 199.08 199.08 199.08 198.77 198.77 198.77 198.77 198.77 198.47 198.47 198.47 198.47 198.47 198.17 198.17 198.17 198.17 198.17 197.90 197.90 197.90 197.90 197.90 197.59 197.59 197.59 197.59 197.59 197.32 197.32 197.32 197.32 197.32 197.07 197.07 197.07 197.07 197.07 196.82 196.82 196.82 196.82 196.82 196.60 196.60 196.60 196.60 196.60 196.39 196.39 196.39 196.39 196.39 196.20 196.20 196.20 196.20 196.20 196.04 196.04 196.04 196.04 196.04 195.88 195.88 195.88 195.88 195.88 195.76 195.76 195.76 195.76 195.76 195.66 195.66 195.66 195.66 195.66
199.40 199.40 199.40 199.40 199.40 199.08 199.08 199.08 199.08 199.08 198.77 198.77 198.77 198.77 198.77 198.47 198.47 198.47 198.47 198.47 198.17 198.17 198.17 198.17 198.17 197.90 197.90 197.90 197.90 197.90 197.59 197.59 197.59 197.59 197.59 197.32 197.32 197.32 197.32 197.32 197.07 197.07 197.07 197.07 197.07 196.82 196.82 196.82 196.82 196.82 196.60 196.60 196.60 196.60 196.60 196.39 196.39 196.39 196.39 196.39 196.20 196.20 196.20 196.20 196.20 196.04 196.04 196.04 196.04 196.04 195.88 195.88 195.88 195.88 195.88 195.76 195.76 195.76 195.76 195.76 195.66 195.66 195.66 195.66 195.66
199.40 199.40 199.40 199.40 199.40 199.08 199.08 199.08 199.08 199.08 198.77 198.77 198.77 198.77 198.77 198.47 198.47 198.47 198.47 198.47 198.17 198.17 198.17 198.17 198.17 197.90 197.90 197.90 197.90 197.90 197.59 197.59 197.59 197.59 197.59 197.32 197.32 197.32 197.32 197.32 197.07 197.07 197.07 197.07 197.07 196.82 196.82 196.82 196.82 196.82 196.60 196.60 196.60 196.60 196.60 196.39 196.39 196.39 196.39 196.39 196.20 196.20 196.20 196.20 196.20 196.04 196.04 196.04 196.04 196.04 195.88 195.88 195.88 195.88 195.88 195.76 195.76 195.76 195.76 195.76 195.66 195.66 195.66 195.66 195.66
199.40 199.40 199.40 199.40 199.40 199.08 199.08 199.08 199.08 199.08 198.77 198.77 198.77 198.77 198.77 198.47 198.47 198.47 198.47 198.47 198.17 198.17 198.17 198.17 198.17 197.90 197.90 197.90 197.90 197.90 197.59 197.59 197.59 197.59 197.59 197.32 197.32 197.32 197.32 197.32 197.07 197.07 197.07 197.07 197.07 196.82 196.82 196.82 196.82 196.82 196.60 196.60 196.60 196.60 196.60 196.39 196.39 196.39 196.39 196.39 196.20 196.20 196.20 196.20 196.20 196.04 196.04 196.04 196.04 196.04 195.88 195.88 195.88 195.88 195.88 195.76 195.76 195.76 195.76 195.76 195.66 195.66 195.66 195.66 195.66
198.90 198.90 198.90 198.90 198.90 198.60 198.60 198.60 198.60 198.60 198.30 198.30 198.30 198.30 198.30 198.01 198.01 198.01 198.01 198.01 197.73 197.73 197.73 197.73 197.73 197.48 197.48 197.48 197.48 197.48 197.19 197.19 197.19 197.19 197.19 196.94 196.94 196.94 196.94 196.94 196.70 196.70 196.70 196.70 196.70 196.48 196.48 196.48 196.48 196.48 196.27 196.27 196.27 196.27 196.27 196.08 196.08 196.08 196.08 196.08 195.90 195.90 195.90 195.90 195.90 195.77 195.77 195.77 195.77 195.77 195.62 195.62 195.62 195.62 195.62 195.52 195.52 195.52 195.52 195.52 195.44 195.44 195.44 195.44 195.44
198.90 198.90 198.90 198.90 198.90 198.60 198.60 198.60 198.60 198.60 198.30 198.30 198.30 198.30 198.30 198.01 198.01 198.01 198.01 198.01 197.73 197.73 197.73 197.73 197.73 197.48 197.48 197.48 197.48 197.48 197.19 197.19 197.19 197.19 197.19 196.94 196.94 196.94 196.94 196.94 196.70 196.70 196.70 196.70 196.70 196.48 196.48 196.48 196.48 196.48 196.27 196.27 196.27 196.27 196.27 196.08 196.08 196.08 196.08 196.08 195.90 195.90 195.90 195.90 195.90 195.77 195.77 195.77 195.77 195.77 195.62 195.62 195.62 195.62 195.62 195.52 195.52 195.52 195.52 195.52 195.44 195.44 195.44 195.44 195.44
198.90 198.90 198.90 198.90 198.90 198.60 198.60 198.60 198.60 198.60 198.30 198.30 198.30 198.30 198.30 198.01 198.01 198.01 198.01 198.01 197.73 197.73 197.73 197.73 197.73 197.48 197.48 197.48 197.48 197.48 197.19 197.19 197.19 197.19 197.19 196.94 196.94 196.94 196.94 196.94 196.70 196.70 196.70 196.70 196.70 196.48 196.48 196.48 196.48 196.48 196.27 196.27 196.27 196.27 196.27 196.08 196.08 196.08 196.08 196.08 195.90 195.90 195.90 195.90 195.90 195.77 195.77 195.77 195.77 195.77 195.62 195.62 195.62 195.62 195.62 195.52 195.52 195.52 195.52 195.52 195.44 195.44 195.44 195.44 195.44
198.90 198.90 198.90 198.90 198.90 198.60 198.60 198.60 198.60 198.60 198.30 198.30 198.30 198.30 198.30 198.01 198.01 198.01 198.01 198.01 197.73 197.73 197.73 197.73 197.73 197.48 197.48 197.48 197.48 197.48 197.19 197.19 197.19 197.19 197.19 196.94 196.94 196.94 196.94 196.94 196.70 196.70 196.70 196.70 196.70 196.48 196.48 196.48 196.48 196.48 196.27 196.27 196.27 196.27 196.27 196.08 196.08 196.08 196.08 196.08 195.90 195.90 195.90 195.90 195.90 195.77 195.77 195.77 195.77 195.77 195.62 195.62 195.62 195.62 195.62 195.52 195.52 195.52 195.52 195.52 195.44 195.44 195.44 195.44 195.44
198.90 198.90 198.90 198.90 198.90 198.60 198.60 198.60 198.60 198.60 198.30 198.30 198.30 198.30 198.30 198.01 198.01 198.01 198.01 198.01 197.73 197.73 197.73 197.73 197.73 197.48 197.48 197.48 197.48 197.48 197.19 197.19 197.19 197.19 197.19 196.94 196.94 196.94 196.94 196.94 196.70 196.70 196.70 196.70 196.70 196.48 196.48 196.48 196.48 196.48 196.27 196.27 196.27 196.27 196.27 196.08 196.08 196.08 196.08 196.08 195.90 195.90 195.90 195.90 195.90 195.77 195.77 195.77 195.77 195.77 195.62 195.62 195.62 195.62 195.62 195.52 195.52 195.52 195.52 195.52 195.44 195.44 195.44 195.44 195.44
198.38 198.38 198.38 198.38 198.38 198.10 198.10 198.10 198.10 198.10 197.82 197.82 197.82 197.82 197.82 197.55 197.55 197.55 197.55 197.55 197.28 197.28 197.28 197.28 197.28 197.05 197.05 197.05 197.05 197.05 196.78 196.78 196.78 196.78 196.78 196.55 196.55 196.55 196.55 196.55 196.33 196.33 196.33 196.33 196.33 196.12 196.12 196.12 196.12 196.12 195.92 195.92 195.92 195.92 195.92 195.75 195.75 195.75 195.75 195.75 195.59 195.59 195.59 195.59 195.59 195.47 195.47 195.47 195.47 195.47 195.34 195.34 195.34 195.34 195.34 195.26 195.26 195.26 195.26 195.26 195.19 195.19 195.19 195.19 195.19
198.38 198.38 198.38 198.38 198.38 198.10 198.10 198.10 198.10 198.10 197.82 197.82 197.82 197.82 197.82 197.55 197.55 197.55 197.55 197.55 197.28 197.28 197.28 197.28 197.28 197.05 197.05 197.05 197.05 197.05 196.78 196.78 196.78 196.78 196.78 196.55 196.55 196.55 196.55 196.55 196.33 196.33 196.33 196.33 196.33 196.12 196.12 196.12 196.12 196.12 195.92 195.92 195.92 195.92 195.92 195.75 195.75 195.75 195.75 195.75 195.59 195.59 195.59 195.59 195.59 195.47 195.47 195.47 195.47 195.47 195.34 195.34 195.34 195.34 195.34 195.26 195.26 195.26 195.26 195.26 195.19 195.19 195.19 195.19 195.19
198.38 198.38 198.38 198.38 198.38 198.10 198.10 198.10 198.10 198.10 197.82 197.82 197.82 197.82 197.82 197.55 197.55 197.55 197.55 197.55 197.28 197.28 197.28 197.28 197.28 197.05 197.05 197.05 197.05 197.05 196.78 196.78 196.78 196.78 196.78 196.55 196.55 196.55 196.55 196.55 196.33 196.33 196.33 196.33 196.33 196.12 196.12 196.12 196.12 196.12 195.92 195.92 195.92 195.92 195.92 195.75 195.75 195.75 195.75 195.75 195.59 195.59 195.59 195.59 195.59 195.47 195.47 195.47 195.47 195.47 195.34 195.34 195.34 195.34 195.34 195.26 195.26 195.26 195.26 195.26 195.19 195.19 195.19 195.19 195.19
198.38 198.38 198.38 198.38 198.38 198.10 198.10 198.10 198.10 198.10 197.82 197.82 197.82 197.82 197.82 197.55 197.55 197.55 197.55 197.55 197.28 197.28 197.28 197.28 197.28 197.05 197.05 197.05 197.05 197.05 196.78 196.78 196.78 196.78 196.78 196.55 196.55 196.55 196.55 196.55 196.33 196.33 196.33 196.33 196.33 196.12 196.12 196.12 196.12 196.12 195.92 195.92 195.92 195.92 195.92 195.75 195.75 195.75 195.75 195.75 195.59 195.59 195.59 195.59 195.59 195.47 195.47 195.47 195.47 195.47 195.34 195.34 195.34 195.34 195.34 195.26 195.26 195.26 195.26 195.26 195.19 195.19 195.19 195.19 195.19
198.38 198.38 198.38 198.38 198.38 198.10 198.10 198.10 198.10 198.10 197.82 197.82 197.82 197.82 197.82 197.55 197.55 197.55 197.55 197.55 197.28 197.28 197.28 197.28 197.28 197.05 197.05 197.05 197.05 197.05 196.78 196.78 196.78 196.78 196.78 196.55 196.55 196.55 196.55 196.55 196.33 196.33 196.33 196.33 196.33 196.12 196.12 196.12 196.12 196.12 195.92 195.92 195.92 195.92 195.92 195.75 195.75 195.75 195.75 195.75 195.59 195.59 195.59 195.59 195.59 195.47 195.47 195.47 195.47 195.47 195.34 195.34 195.34 195.34 195.34 195.26 195.26 195.26 195.26 195.26 195.19 195.19 195.19 195.19 195.19
197.86 197.86 197.86 197.86 197.86 197.59 197.59 197.59 197.59 197.59 197.33 197.33 197.33 197.33 197.33 197.08 197.08 197.08 197.08 197.08 196.83 196.83 196.83 196.83 196.83 196.61 196.61 196.61 196.61 196.61 196.36 196.36 196.36 196.36 196.36 196.14 196.14 196.14 196.14 196.14 195.93 195.93 195.93 195.93 195.93 195.74 195.74 195.74 195.74 195.74 195.57 195.57 195.57 195.57 195.57 195.41 195.41 195.41 195.41 195.41 195.27 195.27 195.27 195.27 195.27 195.16 195.16 195.16 195.16 195.16 195.05 195.05 195.05 195.05 195.05 194.98 194.98 194.98 194.98 194.98 194.93 194.93 194.93 194.93 194.93
197.86 197.86 197.86 197.86 197.86 197.59 197.59 197.59 197.59 197.59 197.33 197.33 197.33 197.33 197.33 197.08 197.08 197.08 197.08 197.08 196.83 196.83 196.83 196.83 196.83 196.61 196.61 196.61 196.61 196.61 196.36 196.36 196.36 196.36 196.36 196.14 196.14 196.14 196.14 196.14 195.93 195.93 195.93 195.93 195.93 195.74 195.74 195.74 195.74 195.74 195.57 195.57 195.57 195.57 195.57 195.41 195.41 195.41 195.41 195.41 195.27 195.27 195.27 195.27 195.27 195.16 195.16 195.16 195.16 195.16 195.05 195.05 195.05 195.05 195.05 194.98 194.98 194.98 194.98 194.98 194.93 194.93 194.93 194.93 194.93
197.86 197.86 197.86 197.86 197.86 197.59 197.59 197.59 197.59 197.59 197.33 197.33 197.33 197.33 197.33 197.08 197.08 197.08 197.08 197.08 196.83 196.83 196.83 196.83 196.83 196.61 196.61 196.61 196.61 196.61 196.36 196.36 196.36 196.36 196.36 196.14 196.14 196.14 196.14 196.14 195.93 195.93 195.93 195.93 195.93 195.74 195.74 195.74 195.74 195.74 195.57 195.57 195.57 195.57 195.57 195.41 195.41 195.41 195.41 195.41 195.27 195.27 195.27 195.27 195.27 195.16 195.16 195.16 195.16 195.16 195.05 195.05 195.05 195.05 195.05 194.98 194.98 194.98 194.98 194.98 194.93 194.93 194.93 194.93 194.93
197.86 197.86 197.86 197.86 197.86 197.59 197.59 197.59 197.59 197.59 197.33 197.33 197.33 197.33 197.33 197.08 197.08 197.08 197.08 197.08 196.83 196.83 196.83 196.83 196.83 196.61 196.61 196.61 196.61 196.61 196.36 196.36 196.36 196.36 196.36 196.14 196.14 196.14 196.14 196.14 195.93 195.93 195.93 195.93 195.93 195.74 195.74 195.74 195.74 195.74 195.57 195.57 195.57 195.57 195.57 195.41 195.41 195.41 195.41 195.41 195.27 195.27 195.27 195.27 195.27 195.16 195.16 195.16 195.16 195.16 195.05 195.05 195.05 195.05 195.05 194.98 194.98 194.98 194.98 194.98 194.93 194.93 194.93 194.93 194.93
197.86 197.86 197.86 197.86 197.86 197.59 197.59 197.59 197.59 197.59 197.33 197.33 197.33 197.33 197.33 197.08 197.08 197.08 197.08 197.08 196.83 196.83 196.83 196.83 196.83 196.61 196.61 196.61 196.61 196.61 196.36 196.36 196.36 196.36 196.36 196.14 196.14 196.14 196.14 196.14 195.93 195.93 195.93 195.93 195.93 195.74 195.74 195.74 195.74 195.74 195.57 195.57 195.57 195.57 195.57 195.41 195.41 195.41 195.41 195.41 195.27 195.27 195.27 195.27 195.27 195.16 195.16 195.16 195.16 195.16 195.05 195.05 195.05 195.05 195.05 194.98 194.98 194.98 194.98 194.98 194.93 194.93 194.93 194.93 194.93
197.34 197.34 197.34 197.34 197.34 197.08 197.08 197.08 197.08 197.08 196.83 196.83 196.83 196.83 196.83 196.59 196.59 196.59 196.59 196.59 196.36 196.36 196.36 196.36 196.36 196.16 196.16 196.16 196.16 196.16 195.92 195.92 195.92 195.92 195.92 195.72 195.72 195.72 195.72 195.72 195.53 195.53 195.53 195.53 195.53 195.35 195.35 195.35 195.35 195.35 195.19 195.19 195.19 195.19 195.19 195.05 195.05 195.05 195.05 195.05 194.92 194.92 194.92 194.92 194.92 194.83 194.83 194.83 194.83 194.83 194.73 194.73 194.73 194.73 194.73 194.67 194.67 194.67 194.67 194.67 194.64 194.64 194.64 194.64 194.64
197.34 197.34 197.34 197.34 197.34 197.08 197.08 197.08 197.08 197.08 196.83 196.83 196.83 196.83 196.83 196.59 196.59 196.59 196.59 196.59 196.36 196.36 196.36 196.36 196.36 196.16 196.16 196.16 196.16 196.16 195.92 195.92 195.92 195.92 195.92 195.72 195.72 195.72 195.72 195.72 195.53 195.53 195.53 195.53 195.53 195.35 195.35 195.35 195.35 195.35 195.19 195.19 195.19 195.19 195.19 195.05 195.05 195.05 195.05 195.05 194.92 194.92 194.92 194.92 194.92 194.83 194.83 194.83 194.83 194.83 194.73 194.73 194.73 194.73 194.73 194.67 194.67 194.67 194.67 194.67 194.64 194.64 194.64 194.64 194.64
197.34 197.34 197.34 197.34 197.34 197.08 197.08 197.08 197.08 197.08 196.83 196.83 196.83 196.83 196.83 196.59 196.59 196.59 196.59 196.59 196.36 196.36 196.36 196.36 196.36 196.16 196.16 196.16 196.16 196.16 195.92 195.92 195.92 195.92 195.92 195.72 195.72 195.72 195.72 195.72 195.53 195.53 195.53 195.53 195.53 195.35 195.35 195.35 195.35 195.35 195.19 195.19 195.19 195.19 195.19 195.05 195.05 195.05 195.05 195.05 194.92 194.92 194.92 194.92 194.92 194.83 194.83 194.83 194.83 194.83 194.73 194.73 194.73 194.73 194.73 194.67 194.67 194.67 194.67 194.67 194.64 194.64 194.64 194.64 194.64
197.34 197.34 197.34 197.34 197.34 197.08 197.08 197.08 197.08 197.08 196.83 196.83 196.83 196.83 196.83 196.59 196.59 196.59 196.59 196.59 196.36 196.36 196.36 196.36 196.36 196.16 196.16 196.16 196.16 196.16 195.92 195.92 195.92 195.92 195.92 195.72 195.72 195.72 195.72 195.72 195.53 195.53 195.53 195.53 195.53 195.35 195.35 195.35 195.35 195.35 195.19 195.19 195.19 195.19 195.19 195.05 195.05 195.05 195.05 195.05 194.92 194.92 194.92 194.92 194.92 194.83 194.83 194.83 194.83 194.83 194.73 194.73 194.73 194.73 194.73 194.67 194.67 194.67 194.67 194.67 194.64 194.64 194.64 194.64 194.64
197.34 197.34 197.34 197.34 197.34 197.08 197.08 197.08 197.08 197.08 196.83 196.83 196.83 196.83 196.83 196.59 196.59 196.59 196.59 196.59 196.36 196.36 196.36 196.36 196.36 196.16 196.16 196.16 196.16 196.16 195.92 195.92 195.92 195.92 195.92 195.72 195.72 195.72 195.72 195.72 195.53 195.53 195.53 195.53 195.53 195.35 195.35 195.35 195.35 195.35 195.19 195.19 195.19 195.19 195.19 195.05 195.05 195.05 195.05 195.05 194.92 194.92 194.92 194.92 194.92 194.83 194.83 194.83 194.83 194.83 194.73 194.73 194.73 194.73 194.73 194.67 194.67 194.67 194.67 194.67 194.64 194.64 194.64 194.64 194.64
196.80 196.80 196.80 196.80 196.80 196.56 196.56 196.56 196.56 196.56 196.33 196.33 196.33 196.33 196.33 196.10 196.10 196.10 196.10 196.10 195.88 195.88 195.88 195.88 195.88 195.70 195.70 195.70 195.70 195.70 195.48 195.48 195.48 195.48 195.48 195.29 195.29 195.29 195.29 195.29 195.11 195.11 195.11 195.11 195.11 194.95 194.95 194.95 194.95 194.95 194.80 194.80 194.80 194.80 194.80 194.67 194.67 194.67 194.67 194.67 194.56 194.56 194.56 194.56 194.56 194.48 194.48 194.48 194.48 194.48 194.40 194.40 194.40 194.40 194.40 194.35 194.35 194.35 194.35 194.35 194.33 194.33 194.33 194.33 194.33
196.80 196.80 196.80 196.80 196.80 196.56 196.56 196.56 196.56 196.56 196.33 196.33 196.33 196.33 196.33 196.10 196.10 196.10 196.10 196.10 195.88 195.88 195.88 195.88 195.88 195.70 195.70 195.70 195.70 195.70 195.48 195.48 195.48 195.48 195.48 195.29 195.29 195.29 195.29 195.29 195.11 195.11 195.11 195.11 195.11 194.95 194.95 194.95 194.95 194.95 194.80 194.80 194.80 194.80 194.80 194.67 194.67 194.67 194.67 194.67 194.56 194.56 194.56 194.56 194.56 194.48 194.48 194.48 194.48 194.48 194.40 194.40 194.40 194.40 194.40 194.35 194.35 194.35 194.35 194.35 194.33 194.33 194.33 194.33 194.33
196.80 196.80 196.80 196.80 196.80 196.56 196.56 196.56 196.56 196.56 196.33 196.33 196.33 196.33 196.33 196.10 196.10 196.10 196.10 196.10 195.88 195.88 195.88 195.88 195.88 195.70 195.70 195.70 195.70 195.70 195.48 195.48 195.48 195.48 195.48 195.29 195.29 195.29 195.29 195.29 195.11 195.11 195.11 195.11 195.11 194.95 194.95 194.95 194.95 194.95 194.80 194.80 194.80 194.80 194.80 194.67 194.67 194.67 194.67 194.67 194.56 194.56 194.56 194.56 194.56 194.48 194.48 194.48 194.48 194.48 194.40 194.40 194.40 194.40 194.40 194.35 194.35 194.35 194.35 194.35 194.33 194.33 194.33 194.33 194.33
196.80 196.80 196.80 196.80 196.80 196.56 196.56 196.56 196.56 196.56 196.33 196.33 196.33 196.33 196.33 196.10 196.10 196.10 196.10 196.10 195.88 195.88 195.88 195.88 195.88 195.70 195.70 195.70 195.70 195.70 195.48 195.48 195.48 195.48 195.48 195.29 195.29 195.29 195.29 195.29 195.11 195.11 195.11 195.11 195.11 194.95 194.95 194.95 194.95 194.95 194.80 194.80 194.80 194.80 194.80 194.67 194.67 194.67 194.67 194.67 194.56 194.56 194.56 194.56 194.56 194.48 194.48 194.48 194.48 194.48 194.40 194.40 194.40 194.40 194.40 194.35 194.35 194.35 194.35 194.35 194.33 194.33 194.33 194.33 194.33
196.80 196.80 196.80 196.80 196.80 196.56 196.56 196.56 196.56 196.56 196.33 196.33 196.33 196.33 196.33 196.10 196.10 196.10 196.10 196.10 195.88 195.88 195.88 195.88 195.88 195.70 195.70 195.70 195.70 195.70 195.48 195.48 195.48 195.48 195.48 195.29 195.29 195.29 195.29 195.29 195.11 195.11 195.11 195.11 195.11 194.95 194.95 194.95 194.95 194.95 194.80 194.80 194.80 194.80 194.80 194.67 194.67 194.67 194.67 194.67 194.56 194.56 194.56 194.56 194.56 194.48 194.48 194.48 194.48 194.48 194.40 194.40 194.40 194.40 194.40 194.35 194.35 194.35 194.35 194.35 194.33 194.33 194.33 194.33 194.33
196.26 196.26 196.26 196.26 196.26 196.04 196.04 196.04 196.04 196.04 195.82 195.82 195.82 195.82 195.82 195.60 195.60 195.60 195.60 195.60 195.40 195.40 195.40 195.40 195.40 195.22 195.22 195.22 195.22 195.22 195.02 195.02 195.02 195.02 195.02 194.84 194.84 194.84 194.84 194.84 194.68 194.68 194.68 194.68 194.68 194.53 194.53 194.53 194.53 194.53 194.40 194.40 194.40 194.40 194.40 194.28 194.28 194.28 194.28 194.28 194.18 194.18 194.18 194.18 194.18 194.11 194.11 194.11 194.11 194.11 194.04 194.04 194.04 194.04 194.04 194.01 194.01 194.01 194.01 194.01 194.00 194.00 194.00 194.00 194.00
196.26 196.26 196.26 196.26 196.26 196.04 196.04 196.04 196.04 196.04 195.82 195.82 195.82 195.82 195.82 195.60 195.60 195.60 195.60 195.60 195.40 195.40 195.40 195.40 195.40 195.22 195.22 195.22 195.22 195.22 195.02 195.02 195.02 195.02 195.02 194.84 194.84 194.84 194.84 194.84 194.68 194.68 194.68 194.68 194.68 194.53 194.53 194.53 194.53 194.53 194.40 194.40 194.40 194.40 194.40 194.28 194.28 194.28 194.28 194.28 194.18 194.18 194.18 194.18 194.18 194.11 194.11 194.11 194.11 194.11 194.04 194.04 194.04 194.04 194.04 194.01 194.01 194.01 194.01 194.01 194.00 194.00 194.00 194.00 194.00
196.26 196.26 196.26 196.26 196.26 196.04 196.04 196.04 196.04 196.04 195.82 195.82 195.82 195.82 195.82 195.60 195.60 195.60 195.60 195.60 195.40 195.40 195.40 195.40 195.40 195.22 195.22 195.22 195.22 195.22 195.02 195.02 195.02 195.02 195.02 194.84 194.84 194.84 194.84 194.84 194.68 194.68 194.68 194.68 194.68 194.53 194.53 194.53 194.53 194.53 194.40 194.40 194.40 194.40 194.40 194.28 194.28 194.28 194.28 194.28 194.18 194.18 194.18 194.18 194.18 194.11 194.11 194.11 194.11 194.11 194.04 194.04 194.04 194.04 194.04 194.01 194.01 194.01 194.01 194.01 194.00 194.00 194.00 194.00 194.00
196.26 196.26 196.26 196.26 196.26 196.04 196.04 196.04 196.04 196.04 195.82 195.82 195.82 195.82 195.82 195.60 195.60 195.60 195.60 195.60 195.40 195.40 195.40 195.40 195.40 195.22 195.22 195.22 195.22 195.22 195.02 195.02 195.02 195.02 195.02 194.84 194.84 194.84 194.84 194.84 194.68 194.68 194.68 194.68 194.68 194.53 194.53 194.53 194.53 194.53 194.40 194.40 194.40 194.40 194.40 194.28 194.28 194.28 194.28 194.28 194.18 194.18 194.18 194.18 194.18 194.11 194.11 194.11 194.11 194.11 194.04 194.04 194.04 194.04 194.04 194.01 194.01 194.01 194.01 194.01 194.00 194.00 194.00 194.00 194.00
196.26 196.26 196.26 196.26 196.26 196.04 196.04 196.04 196.04 196.04 195.82 195.82 195.82 195.82 195.82 195.60 195.60 195.60 195.60 195.60 195.40 195.40 195.40 195.40 195.40 195.22 195.22 195.22 195.22 195.22 195.02 195.02 195.02 195.02 195.02 194.84 194.84 194.84 194.84 194.84 194.68 194.68 194.68 194.68 194.68 194.53 194.53 194.53 194.53 194.53 194.40 194.40 194.40 194.40 194.40 194.28 194.28 194.28 194.28 194.28 194.18 194.18 194.18 194.18 194.18 194.11 194.11 194.11 194.11 194.11 194.04 194.04 194.04 194.04 194.04 194.01 194.01 194.01 194.01 194.01 194.00 194.00 194.00 194.00 194.00
195.77 195.77 195.77 195.77 195.77 195.56 195.56 195.56 195.56 195.56 195.35 195.35 195.35 195.35 195.35 195.14 195.14 195.14 195.14 195.14 194.95 194.95 194.95 194.95 194.95 194.78 194.78 194.78 194.78 194.78 194.59 194.59 194.59 194.59 194.59 194.43 194.43 194.43 194.43 194.43 194.28 194.28 194.28 194.28 194.28 194.14 194.14 194.14 194.14 194.14 194.02 194.02 194.02 194.02 194.02 193.91 193.91 193.91 193.91 193.91 193.82 193.82 193.82 193.82 193.82 193.76 193.76 193.76 193.76 193.76 193.71 193.71 193.71 193.71 193.71 193.68 193.68 193.68 193.68 193.68 193.68 193.68 193.68 193.68 193.68
195.77 195.77 195.77 195.77 195.77 195.56 195.56 195.56 195.56 195.56 195.35 195.35 195.35 195.35 195.35 195.14 195.14 195.14 195.14 195.14 194.95 194.95 194.95 194.95 194.95 194.78 194.78 194.78 194.78 194.78 194.59 194.59 194.59 194.59 194.59 194.43 194.43 194.43 194.43 194.43 194.28 194.28 194.28 194.28 194.28 194.14 194.14 194.14 194.14 194.14 194.02 194.02 194.02 194.02 194.02 193.91 193.91 193.91 193.91 193.91 193.82 193.82 193.82 193.82 193.82 193.76 193.76 193.76 193.76 193.76 193.71 193.71 193.71 193.71 193.71 193.68 193.68 193.68 193.68 193.68 193.68 193.68 193.68 193.68 193.68
195.77 195.77 195.77 195.77 195.77 195.56 195.56 195.56 195.56 195.56 195.35 195.35 195.35 195.35 195.35 195.14 195.14 195.14 195.14 195.14 194.95 194.95 194.95 194.95 194.95 194.78 194.78 194.78 194.78 194.78 194.59 194.59 194.59 194.59 194.59 194.43 194.43 194.43 194.43 194.43 194.28 194.28 194.28 194.28 194.28 194.14 194.14 194.14 194.14 194.14 194.02 194.02 194.02 194.02 194.02 193.91 193.91 193.91 193.91 193.91 193.82 193.82 193.82 193.82 193.82 193.76 193.76 193.76 193.76 193.76 193.71 193.71 193.71 193.71 193.71 193.68 193.68 193.68 193.68 193.68 193.68 193.68 193.68 193.68 193.68
195.77 195.77 195.77 195.77 195.77 195.56 195.56 195.56 195.56 195.56 195.35 195.35 195.35 195.35 195.35 195.14 195.14 195.14 195.14 195.14 194.95 194.95 194.95 194.95 194.95 194.78 194.78 194.78 194.78 194.78 194.59 194.59 194.59 194.59 194.59 194.43 194.43 194.43 194.43 194.43 194.28 194.28 194.28 194.28 194.28 194.14 194.14 194.14 194.14 194.14 194.02 194.02 194.02 194.02 194.02 193.91 193.91 193.91 193.91 193.91 193.82 193.82 193.82 193.82 193.82 193.76 193.76 193.76 193.76 193.76 193.71 193.71 193.71 193.71 193.71 193.68 193.68 193.68 193.68 193.68 193.68 193.68 193.68 193.68 193.68
195.77 195.77 195.77 195.77 195.77 195.56 195.56 195.56 195.56 195.56 195.35 195.35 195.35 195.35 195.35 195.14 195.14 195.14 195.14 195.14 194.95 194.95 194.95 194.95 194.95 194.78 194.78 194.78 194.78 194.78 194.59 194.59 194.59 194.59 194.59 194.43 194.43 194.43 194.43 194.43 194.28 194.28 194.28 194.28 194.28 194.14 194.14 194.14 194.14 194.14 194.02 194.02 194.02 194.02 194.02 193.91 193.91 193.91 193.91 193.91 193.82 193.82 193.82 193.82 193.82 193.76 193.76 193.76 193.76 193.76 193.71 193.71 193.71 193.71 193.71 193.68 193.68 193.68 193.68 193.68 193.68 193.68 193.68 193.68 193.68
195.17 195.17 195.17 195.17 195.17 194.96 194.96 194.96 194.96 194.96 194.77 194.77 194.77 194.77 194.77 194.58 194.58 194.58 194.58 194.58 194.39 194.39 194.39 194.39 194.39 194.24 194.24 194.24 194.24 194.24 194.06 194.06 194.06 194.06 194.06 193.91 193.91 193.91 193.91 193.91 193.77 193.77 193.77 193.77 193.77 193.64 193.64 193.64 193.64 193.64 193.53 193.53 193.53 193.53 193.53 193.44 193.44 193.44 193.44 193.44 193.36 193.36 193.36 193.36 193.36 193.31 193.31 193.31 193.31 193.31 193.27 193.27 193.27 193.27 193.27 193.25 193.25 193.25 193.25 193.25 193.27 193.27 193.27 193.27 193.27
195.17 195.17 195.17 195.17 195.17 194.96 194.96 194.96 194.96 194.96 194.77 194.77 194.77 194.77 194.77 194.58 194.58 194.58 194.58 194.58 194.39 194.39 194.39 194.39 194.39 194.24 194.24 194.24 194.24 194.24 194.06 194.06 194.06 194.06 194.06 193.91 193.91 193.91 193.91 193.91 193.77 193.77 193.77 193.77 193.77 193.64 193.64 193.64 193.64 193.64 193.53 193.53 193.53 193.53 193.53 193.44 193.44 193.44 193.44 193.44 193.36 193.36 193.36 193.36 193.36 193.31 193.31 193.31 193.31 193.31 193.27 193.27 193.27 193.27 193.27 193.25 193.25 193.25 193.25 193.25 193.27 193.27 193.27 193.27 193.27
195.17 195.17 195.17 195.17 195.17 194.96 194.96 194.96 194.96 194.96 194.77 194.77 194.77 194.77 194.77 194.58 194.58 194.58 194.58 194.58 194.39 194.39 194.39 194.39 194.39 194.24 194.24 194.24 194.24 194.24 194.06 194.06 194.06 194.06 194.06 193.91 193.91 193.91 193.91 193.91 193.77 193.77 193.77 193.77 193.77 193.64 193.64 193.64 193.64 193.64 193.53 193.53 193.53 193.53 193.53 193.44 193.44 193.44 193.44 193.44 193.36 193.36 193.36 193.36 193.36 193.31 193.31 193.31 193.31 193.31 193.27 193.27 193.27 193.27 193.27 193.25 193.25 193.25 193.25 193.25 193.27 193.27 193.27 193.27 193.27
195.17 195.17 195.17 195.17 195.17 194.96 194.96 194.96 194.96 194.96 194.77 194.77 194.77 194.77 194.77 194.58 194.58 194.58 194.58 194.58 194.39 194.39 194.39 194.39 194.39 194.24 194.24 194.24 194.24 194.24 194.06 194.06 194.06 194.06 194.06 193.91 193.91 193.91 193.91 193.91 193.77 193.77 193.77 193.77 193.77 193.64 193.64 193.64 193.64 193.64 193.53 193.53 193.53 193.53 193.53 193.44 193.44 193.44 193.44 193.44 193.36 193.36 193.36 193.36 193.36 193.31 193.31 193.31 193.31 193.31 193.27 193.27 193.27 193.27 193.27 193.25 193.25 193.25 193.25 193.25 193.27 193.27 193.27 193.27 193.27
195.17 195.17 195.17 195.17 195.17 194.96 194.96 194.96 194.96 194.96 194.77 194.77 194.77 194.77 194.77 194.58 194.58 194.58 194.58 194.58 194.39 194.39 194.39 194.39 194.39 194.24 194.24 194.24 194.24 194.24 194.06 194.06 194.06 194.06 194.06 193.91 193.91 193.91 193.91 193.91 193.77 193.77 193.77 193.77 193.77 193.64 193.64 193.64 193.64 193.64 193.53 193.53 193.53 193.53 193.53 193.44 193.44 193.44 193.44 193.44 193.36 193.36 193.36 193.36 193.36 193.31 193.31 193.31 193.31 193.31 193.27 193.27 193.27 193.27 193.27 193.25 193.25 193.25 193.25 193.25 193.27 193.27 193.27 193.27 193.27
194.61 194.61 194.61 194.61 194.61 194.42 194.42 194.42 194.42 194.42 194.23 194.23 194.23 194.23 194.23 194.05 194.05 194.05 194.05 194.05 193.88 193.88 193.88 193.88 193.88 193.73 193.73 193.73 193.73 193.73 193.56 193.56 193.56 193.56 193.56 193.42 193.42 193.42 193.42 193.42 193.29 193.29 193.29 193.29 193.29 193.18 193.18 193.18 193.18 193.18 193.08 193.08 193.08 193.08 193.08 192.99 192.99 192.99 192.99 192.99 192.93 192.93 192.93 192.93 192.93 192.88 192.88 192.88 192.88 192.88 192.85 192.85 192.85 192.85 192.85 192.84 192.84 192.84 192.84 192.84 192.86 192.86 192.86 192.86 192.86
194.61 194.61 194.61 194.61 194.61 194.42 194.42 194.42 194.42 194.42 194.23 194.23 194.23 194.23 194.23 194.05 194.05 194.05 194.05 194.05 193.88 193.88 193.88 193.88 193.88 193.73 193.73 193.73 193.73 193.73 193.56 193.56 193.56 193.56 193.56 193.42 193.42 193.42 193.42 193.42 193.29 193.29 193.29 193.29 193.29 193.18 193.18 193.18 193.18 193.18 193.08 193.08 193.08 193.08 193.08 192.99 192.99 192.99 192.99 192.99 192.93 192.93 192.93 192.93 192.93 192.88 192.88 192.88 192.88 192.88 192.85 192.85 192.85 192.85 192.85 192.84 192.84 192.84 192.84 192.84 192.86 192.86 192.86 192.86 192.86
194.61 194.61 194.61 194.61 194.61 194.42 194.42 194.42 194.42 194.42 194.23 194.23 194.23 194.23 194.23 194.05 194.05 194.05 194.05 194.05 193.88 193.88 193.88 193.88 193.88 193.73 193.73 193.73 193.73 193.73 193.56 193.56 193.56 193.56 193.56 193.42 193.42 193.42 193.42 193.42 193.29 193.29 193.29 193.29 193.29 193.18 193.18 193.18 193.18 193.18 193.08 193.08 193.08 193.08 193.08 192.99 192.99 192.99 192.99 192.99 192.93 192.93 192.93 192.93 192.93 192.88 192.88 192.88 192.88 192.88 192.85 192.85 192.85 192.85 192.85 192.84 192.84 192.84 192.84 192.84 192.86 192.86 192.86 192.86 192.86
194.61 194.61 194.61 194.61 194.61 194.42 194.42 194.42 194.42 194.42 194.23 194.23 194.23 194.23 194.23 194.05 194.05 194.05 194.05 194.05 193.88 193.88 193.88 193.88 193.88 193.73 193.73 193.73 193.73 193.73 193.56 193.56 193.56 193.56 193.56 193.42 193.42 193.42 193.42 193.42 193.29 193.29 193.29 193.29 193.29 193.18 193.18 193.18 193.18 193.18 193.08 193.08 193.08 193.08 193.08 192.99 192.99 192.99 192.99 192.99 192.93 192.93 192.93 192.93 192.93 192.88 192.88 192.88 192.88 192.88 192.85 192.85 192.85 192.85 192.85 192.84 192.84 192.84 192.84 192.84 192.86 192.86 192.86 192.86 192.86
194.61 194.61 194.61 194.61 194.61 194.42 194.42 194.42 194.42 194.42 194.23 194.23 194.23 194.23 194.23 194.05 194.05 194.05 194.05 194.05 193.88 193.88 193.88 193.88 193.88 193.73 193.73 193.73 193.73 193.73 193.56 193.56 193.56 193.56 193.56 193.42 193.42 193.42 193.42 193.42 193.29 193.29 193.29 193.29 193.29 193.18 193.18 193.18 193.18 193.18 193.08 193.08 193.08 193.08 193.08 192.99 192.99 192.99 192.99 192.99 192.93 192.93 192.93 192.93 192.93 192.88 192.88 192.88 192.88 192.88 192.85 192.85 192.85 192.85 192.85 192.84 192.84 192.84 192.84 192.84 192.86 192.86 192.86 192.86 192.86
194.05 194.05 194.05 194.05 194.05 193.86 193.86 193.86 193.86 193.86 193.68 193.68 193.68 193.68 193.68 193.51 193.51 193.51 193.51 193.51 193.35 193.35 193.35 193.35 193.35 193.21 193.21 193.21 193.21 193.21 193.06 193.06 193.06 193.06 193.06 192.92 192.92 192.92 192.92 192.92 192.81 192.81 192.81 192.81 192.81 192.70 192.70 192.70 192.70 192.70 192.61 192.61 192.61 192.61 192.61 192.53 192.53 192.53 192.53 192.53 192.47 192.47 192.47 192.47 192.47 192.43 192.43 192.43 192.43 192.43 192.41 192.41 192.41 192.41 192.41 192.41 192.41 192.41 192.41 192.41 192.43 192.43 192.43 192.43 192.43
194.05 194.05 194.05 194.05 194.05 193.86 193.86 193.86 193.86 193.86 193.68 193.68 193.68 193.68 193.68 193.51 193.51 193.51 193.51 193.51 193.35 193.35 193.35 193.35 193.35 193.21 193.21 193.21 193.21 193.21 193.06 193.06 193.06 193.06 193.06 192.92 192.92 192.92 192.92 192.92 192.81 192.81 192.81 192.81 192.81 192.70 192.70 192.70 192.70 192.70 192.61 192.61 192.61 192.61 192.61 192.53 192.53 192.53 192.53 192.53 192.47 192.47 192.47 192.47 192.47 192.43 192.43 192.43 192.43 192.43 192.41 192.41 192.41 192.41 192.41 192.41 192.41 192.41 192.41 192.41 192.43 192.43 192.43 192.43 192.43
194.05 194.05 194.05 194.05 194.05 193.86 193.86 193.86 193.86 193.86 193.68 193.68 193.68 193.68 193.68 193.51 193.51 193.51 193.51 193.51 193.35 193.35 193.35 193.35 193.35 193.21 193.21 193.21 193.21 193.21 193.06 193.06 193.06 193.06 193.06 192.92 192.92 192.92 192.92 192.92 192.81 192.81 192.81 192.81 192.81 192.70 192.70 192.70 192.70 192.70 192.61 192.61 192.61 192.61 192.61 192.53 192.53 192.53 192.53 192.53 192.47 192.47 192.47 192.47 192.47 192.43 192.43 192.43 192.43 192.43 192.41 192.41 192.41 192.41 192.41 192.41 192.41 192.41 192.41 192.41 192.43 192.43 192.43 192.43 192.43
194.05 194.05 194.05 194.05 194.05 193.86 193.86 193.86 193.86 193.86 193.68 193.68 193.68 193.68 193.68 193.51 193.51 193.51 193.51 193.51 193.35 193.35 193.35 193.35 193.35 193.21 193.21 193.21 193.21 193.21 193.06 193.06 193.06 193.06 193.06 192.92 192.92 192.92 192.92 192.92 192.81 192.81 192.81 192.81 192.81 192.70 192.70 192.70 192.70 192.70 192.61 192.61 192.61 192.61 192.61 192.53 192.53 192.53 192.53 192.53 192.47 192.47 192.47 192.47 192.47 192.43 192.43 192.43 192.43 192.43 192.41 192.41 192.41 192.41 192.41 192.41 192.41 192.41 192.41 192.41 192.43 192.43 192.43 192.43 192.43
194.05 194.05 194.05 194.05 194.05 193.86 193.86 193.86 193.86 193.86 193.68 193.68 193.68 193.68 193.68 193.51 193.51 193.51 193.51 193.51 193.35 193.35 193.35 193.35 193.35 193.21 193.21 193.21 193.21 193.21 193.06 193.06 193.06 193.06 193.06 192.92 192.92 192.92 192.92 192.92 192.81 192.81 192.81 192.81 192.81 192.70 192.70 192.70 192.70 192.70 192.61 192.61 192.61 192.61 192.61 192.53 192.53 192.53 192.53 192.53 192.47 192.47 192.47 192.47 192.47 192.43 192.43 192.43 192.43 192.43 192.41 192.41 192.41 192.41 192.41 192.41 192.41 192.41 192.41 192.41 192.43 192.43 192.43 192.43 192.43
193.48 193.48 193.48 193.48 193.48 193.30 193.30 193.30 193.30 193.30 193.13 193.13 193.13 193.13 193.13 192.97 192.97 192.97 192.97 192.97 192.82 192.82 192.82 192.82 192.82 192.69 192.69 192.69 192.69 192.69 192.54 192.54 192.54 192.54 192.54 192.42 192.42 192.42 192.42 192.42 192.30 192.30 192.30 192.30 192.30 192.20 192.20 192.20 192.20 192.20 192.12 192.12 192.12 192.12 192.12 192.05 192.05 192.05 192.05 192.05 192.00 192.00 192.00 192.00 192.00 191.96 191.96 191.96 191.96 191.96 191.95 191.95 191.95 191.95 191.95 191.95 191.95 191.95 191.95 191.95 191.98 191.98 191.98 191.98 191.98
193.48 193.48 193.48 193.48 193.48 193.30 193.30 193.30 193.30 193.30 193.13 193.13 193.13 193.13 193.13 192.97 192.97 192.97 192.97 192.97 192.82 192.82 192.82 192.82 192.82 192.69 192.69 192.69 192.69 192.69 192.54 192.54 192.54 192.54 192.54 192.42 192.42 192.42 192.42 192.42 192.30 192.30 192.30 192.30 192.30 192.20 192.20 192.20 192.20 192.20 192.12 192.12 192.12 192.12 192.12 192.05 192.05 192.05 192.05 192.05 192.00 192.00 192.00 192.00 192.00 191.96 191.96 191.96 191.96 191.96 191.95 191.95 191.95 191.95 191.95 191.95 191.95 191.95 191.95 191.95 191.98 191.98 191.98 191.98 191.98
193.48 193.48 193.48 193.48 193.48 193.30 193.30 193.30 193.30 193.30 193.13 193.13 193.13 193.13 193.13 192.97 192.97 192.97 192.97 192.97 192.82 192.82 192.82 192.82 192.82 192.69 192.69 192.69 192.69 192.69 192.54 192.54 192.54 192.54 192.54 192.42 192.42 192.42 192.42 192.42 192.30 192.30 192.30 192.30 192.30 192.20 192.20 192.20 192.20 192.20 192.12 192.12 192.12 192.12 192.12 192.05 192.05 192.05 192.05 192.05 192.00 192.00 192.00 192.00 192.00 191.96 191.96 191.96 191.96 191.96 191.95 191.95 191.95 191.95 191.95 191.95 191.95 191.95 191.95 191.95 191.98 191.98 191.98 191.98 191.98
193.48 193.48 193.48 193.48 193.48 193.30 193.30 193.30 193.30 193.30 193.13 193.13 193.13 193.13 193.13 192.97 192.97 192.97 192.97 192.97 192.82 192.82 192.82 192.82 192.82 192.69 192.69 192.69 192.69 192.69 192.54 192.54 192.54 192.54 192.54 192.42 192.42 192.42 192.42 192.42 192.30 192.30 192.30 192.30 192.30 192.20 192.20 192.20 192.20 192.20 192.12 192.12 192.12 192.12 192.12 192.05 192.05 192.05 192.05 192.05 192.00 192.00 192.00 192.00 192.00 191.96 191.96 191.96 191.96 191.96 191.95 191.95 191.95 191.95 191.95 191.95 191.95 191.95 191.95 191.95 191.98 191.98 191.98 191.98 191.98
193.48 193.48 193.48 193.48 193.48 193.30 193.30 193.30 193.30 193.30 193.13 193.13 193.13 193.13 193.13 192.97 192.97 192.97 192.97 192.97 192.82 192.82 192.82 192.82 192.82 192.69 192.69 192.69 192.69 192.69 192.54 192.54 192.54 192.54 192.54 192.42 192.42 192.42 192.42 192.42 192.30 192.30 192.30 192.30 192.30 192.20 192.20 192.20 192.20 192.20 192.12 192.12 192.12 192.12 192.12 192.05 192.05 192.05 192.05 192.05 192.00 192.00 192.00 192.00 192.00 191.96 191.96 191.96 191.96 191.96 191.95 191.95 191.95 191.95 191.95 191.95 191.95 191.95 191.95 191.95 191.98 191.98 191.98 191.98 191.98
192.91 192.91 192.91 192.91 192.91 192.74 192.74 192.74 192.74 192.74 192.57 192.57 192.57 192.57 192.57 192.42 192.42 192.42 192.42 192.42 192.27 192.27 192.27 192.27 192.27 192.15 192.15 192.15 192.15 192.15 192.01 192.01 192.01 192.01 192.01 191.89 191.89 191.89 191.89 191.89 191.79 191.79 191.79 191.79 191.79 191.70 191.70 191.70 191.70 191.70 191.62 191.62 191.62 191.62 191.62 191.55 191.55 191.55 191.55 191.55 191.51 191.51 191.51 191.51 191.51 191.48 191.48 191.48 191.48 191.48 191.47 191.47 191.47 191.47 191.47 191.48 191.48 191.48 191.48 191.48 191.51 191.51 191.51 191.51 191.51
192.91 192.91 192.91 192.91 192.91 192.74 192.74 192.74 192.74 192.74 192.57 192.57 192.57 192.57 192.57 192.42 192.42 192.42 192.42 192.42 192.27 192.27 192.27 192.27 192.27 192.15 192.15 192.15 192.15 192.15 192.01 192.01 192.01 192.01 192.01 191.89 191.89 191.89 191.89 191.89 191.79 191.79 191.79 191.79 191.79 191.70 191.70 191.70 191.70 191.70 191.62 191.62 191.62 191.62 191.62 191.55 191.55 191.55 191.55 191.55 191.51 191.51 191.51 191.51 191.51 191.48 191.48 191.48 191.48 191.48 191.47 191.47 191.47 191.47 191.47 191.48 191.48 191.48 191.48 191.48 191.51 191.51 191.51 191.51 191.51
192.91 192.91 192.91 192.91 192.91 192.74 192.74 192.74 192.74 192.74 192.57 192.57 192.57 192.57 192.57 192.42 192.42 192.42 192.42 192.42 192.27 192.27 192.27 192.27 192.27 192.15 192.15 192.15 192.15 192.15 192.01 192.01 192.01 192.01 192.01 191.89 191.89 191.89 191.89 191.89 191.79 191.79 191.79 191.79 191.79 191.70 191.70 191.70 191.70 191.70 191.62 191.62 191.62 191.62 191.62 191.55 191.55 191.55 191.55 191.55 191.51 191.51 191.51 191.51 191.51 191.48 191.48 191.48 191.48 191.48 191.47 191.47 191.47 191.47 191.47 191.48 191.48 191.48 191.48 191.48 191.51 191.51 191.51 191.51 191.51
192.91 192.91 192.91 192.91 192.91 192.74 192.74 192.74 192.74 192.74 192.57 192.57 192.57 192.57 192.57 192.42 192.42 192.42 192.42 192.42 192.27 192.27 192.27 192.27 192.27 192.15 192.15 192.15 192.15 192.15 192.01 192.01 192.01 192.01 192.01 191.89 191.89 191.89 191.89 191.89 191.79 191.79 191.79 191.79 191.79 191.70 191.70 191.70 191.70 191.70 191.62 191.62 191.62 191.62 191.62 191.55 191.55 191.55 191.55 191.55 191.51 191.51 191.51 191.51 191.51 191.48 191.48 191.48 191.48 191.48 191.47 191.47 191.47 191.47 191.47 191.48 191.48 191.48 191.48 191.48 191.51 191.51 191.51 191.51 191.51
192.91 192.91 192.91 192.91 192.91 192.74 192.74 192.74 192.74 192.74 192.57 192.57 192.57 192.57 192.57 192.42 192.42 192.42 192.42 192.42 192.27 192.27 192.27 192.27 192.27 192.15 192.15 192.15 192.15 192.15 192.01 192.01 192.01 192.01 192.01 191.89 191.89 191.89 191.89 191.89 191.79 191.79 191.79 191.79 191.79 191.70 191.70 191.70 191.70 191.70 191.62 191.62 191.62 191.62 191.62 191.55 191.55 191.55 191.55 191.55 191.51 191.51 191.51 191.51 191.51 191.48 191.48 191.48 191.48 191.48 191.47 191.47 191.47 191.47 191.47 191.48 191.48 191.48 191.48 191.48 191.51 191.51 191.51 191.51 191.51
192.33 192.33 192.33 192.33 192.33 192.17 192.17 192.17 192.17 192.17 192.01 192.01 192.01 192.01 192.01 191.86 191.86 191.86 191.86 191.86 191.72 191.72 191.72 191.72 191.72 191.61 191.61 191.61 191.61 191.61 191.47 191.47 191.47 191.47 191.47 191.36 191.36 191.36 191.36 191.36 191.26 191.26 191.26 191.26 191.26 191.18 191.18 191.18 191.18 191.18 191.10 191.10 191.10 191.10 191.10 191.04 191.04 191.04 191.04 191.04 191.00 191.00 191.00 191.00 191.00 190.97 190.97 190.97 190.97 190.97 190.97 190.97 190.97 190.97 190.97 190.98 190.98 190.98 190.98 190.98 191.01 191.01 191.01 191.01 191.01
192.33 192.33 192.33 192.33 192.33 192.17 192.17 192.17 192.17 192.17 192.01 192.01 192.01 192.01 192.01 191.86 191.86 191.86 191.86 191.86 191.72 191.72 191.72 191.72 191.72 191.61 191.61 191.61 191.61 191.61 191.47 191.47 191.47 191.47 191.47 191.36 191.36 191.36 191.36 191.36 191.26 191.26 191.26 191.26 191.26 191.18 191.18 191.18 191.18 191.18 191.10 191.10 191.10 191.10 191.10 191.04 191.04 191.04 191.04 191.04 191.00 191.00 191.00 191.00 191.00 190.97 190.97 190.97 190.97 190.97 190.97 190.97 190.97 190.97 190.97 190.98 190.98 190.98 190.98 190.98 191.01 191.01 191.01 191.01 191.01
192.33 192.33 192.33 192.33 192.33 192.17 192.17 192.17 192.17 192.17 192.01 192.01 192.01 192.01 192.01 191.86 191.86 191.86 191.86 191.86 191.72 191.72 191.72 191.72 191.72 191.61 191.61 191.61 191.61 191.61 191.47 191.47 191.47 191.47 191.47 191.36 191.36 191.36 191.36 191.36 191.26 191.26 191.26 191.26 191.26 191.18 191.18 191.18 191.18 191.18 191.10 191.10 191.10 191.10 191.10 191.04 191.04 191.04 191.04 191.04 191.00 191.00 191.00 191.00 191.00 190.97 190.97 190.97 190.97 190.97 190.97 190.97 190.97 190.97 190.97 190.98 190.98 190.98 190.98 190.98 191.01 191.01 191.01 191.01 191.01
192.33 192.33 192.33 192.33 192.33 192.17 192.17 192.17 192.17 192.17 192.01 192.01 192.01 192.01 192.01 191.86 191.86 191.86 191.86 191.86 191.72 191.72 191.72 191.72 191.72 191.61 191.61 191.61 191.61 191.61 191.47 191.47 191.47 191.47 191.47 191.36 191.36 191.36 191.36 191.36 191.26 191.26 191.26 191.26 191.26 191.18 191.18 191.18 191.18 191.18 191.10 191.10 191.10 191.10 191.10 191.04 191.04 191.04 191.04 191.04 191.00 191.00 191.00 191.00 191.00 190.97 190.97 190.97 190.97 190.97 190.97 190.97 190.97 190.97 190.97 190.98 190.98 190.98 190.98 190.98 191.01 191.01 191.01 191.01 191.01
192.33 192.33 192.33 192.33 192.33 192.17 192.17 192.17 192.17 192.17 192.01 192.01 192.01 192.01 192.01 191.86 191.86 191.86 191.86 191.86 191.72 191.72 191.72 191.72 191.72 191.61 191.61 191.61 191.61 191.61 191.47 191.47 191.47 191.47 191.47 191.36 191.36 191.36 191.36 191.36 191.26 191.26 191.26 191.26 191.26 191.18 191.18 191.18 191.18 191.18 191.10 191.10 191.10 191.10 191.10 191.04 191.04 191.04 191.04 191.04 191.00 191.00 191.00 191.00 191.00 190.97 190.97 190.97 190.97 190.97 190.97 190.97 190.97 190.97 190.97 190.98 190.98 190.98 190.98 190.98 191.01 191.01 191.01 191.01 191.01
