-5.010
-4.900
-4.820
-4.690
-4.560
-4.520
-4.390
-4.320
-4.190
-4.110
-4.000
-3.890
-3.780
-3.670
-3.590
-3.500
-3.390
-3.280
-3.200
-3.070
-3.010
-2.900
-2.770
-2.690
-2.600
-2.490
-2.410
-2.280
-2.190
-2.100
-2.000
-1.910
-1.800
-1.670
-1.610
-1.500
-1.370
-1.300
-1.190
-1.060
-0.980
-0.870
-0.780
-0.680
-0.570
-0.500
-0.380
-0.290
-0.180
-0.090
0.030
0.090
0.200
0.310
0.410
0.530
0.610
0.700
0.940
1.020
1.130
1.240
1.300
1.430
1.500
1.630
1.740
1.800
1.930
2.030
2.120
2.230
2.310
2.400
2.500
2.630
2.720
2.800
2.830
2.910
3.000
3.130
3.210
3.300
3.410
3.520
3.630
3.720
3.800
3.910
4.040
4.130
4.240
4.320
4.440
4.520
4.650
4.740
4.840
4.930
5.020
