1.060
0.920
0.350
0.490
0.520
0.120
0.470
-0.190
0.080
-0.190
-0.030
-0.030
-0.050
0.100
0.440
0.660
-0.120
0.450
0.140
-0.280
-0.460
-0.320
-1.580
-1.440
-1.510
-1.500
-2.040
-1.570
-1.250
-1.500
-1.420
-1.100
-0.580
-1.080
-0.790
-1.000
-0.040
-0.540
-0.150
-0.180
-0.250
-1.200
-0.490
-0.830
-0.150
0.000
-1.100
-0.320
-0.600
-0.490
-0.500
-0.020
-0.470
-0.110
-0.280
0.400
0.110
0.320
0.420
0.570
0.820
1.180
0.860
1.110
0.740
0.750
1.150
0.760
0.680
0.030
0.310
-0.140
-0.880
-1.250
-1.620
-1.370
-0.990
-1.920
-1.940
-1.320
-1.690
-1.840
-2.050
-1.690
-0.530
-0.550
-0.920
-0.760
-0.410
0.120
0.250
0.160
0.260
0.620
1.690
1.110
0.360
0.790
0.870
1.010
0.550
