SGSIM Realizations
 1  100   30    1  5.0000000      5.0000000         0.00000000  10.0000      10.0000      1.00000       1
value
 1.0520691    
 1.2059952    
 1.0710256    
 1.0530632    
0.50556809    
-.66919491E-01
-.43396223    
-1.0201033    
-1.7508311    
-2.0487761    
-2.3230295    
-2.3089919    
-1.8469545    
-2.0497413    
-1.9005769    
-1.5712608    
-1.7092061    
-2.0524058    
-1.9747022    
-1.9969296    
-2.4012139    
-1.6387683    
-1.1442193    
-.35202122    
0.32129698E-01
0.88453181E-01
0.15681764    
0.67717761    
0.46622309    
0.36193021E-01
0.73734772    
0.34709817    
0.43730474    
0.24795313    
0.38411468    
0.62798083    
0.89152765    
0.28361049    
0.17814894    
0.19955134    
0.29922107    
-.40651541E-01
0.57218915    
 1.1638374    
 1.0406771    
 1.2294539    
 1.3364592    
 1.5670339    
 1.6984134    
 1.4735131    
 1.3849208    
 1.1210787    
 1.3154879    
0.72359359    
0.72671372    
0.42715696    
0.13603824    
0.81374830    
0.11989088    
0.33038953    
0.57597554    
0.41289100    
-.92474908E-01
-.33715647    
-.64447600    
-.88803780    
-.93456376    
-1.2955279    
-1.7871131    
-1.7477778    
-1.3572483    
-1.4537979    
-1.1426622    
-.75770235    
-1.2211841    
-1.8426836    
-1.6237992    
-1.5972010    
-1.3894528    
-1.9259681    
-1.6194763    
-1.7824297    
-1.6149750    
-1.5573481    
-1.3457981    
-.43707737    
-.55194646    
-.68844748    
-.86712813    
-.83316857    
-.35178745    
-.28272605    
-.18792947    
0.14418863    
-.13918088    
-.58532774    
-.81541252    
-.23395658    
0.22458756    
-.95733993E-01
-.21459974    
-.33495432    
0.88109136E-01
-.19158491    
-.47256085    
-.64758837    
-1.0225308    
-1.2529876    
-2.0768924    
-1.9339021    
-1.9057307    
-1.4787761    
-1.2937751    
-1.1860534    
-1.3443146    
-.72497809    
-.78031230    
-1.5466132    
-1.5937426    
-1.0373168    
-.85703623    
-.40132347    
-.31974632    
0.57526920E-01
 1.3296593    
0.72060132    
0.98577338    
 1.0900705    
0.89632112    
0.39308873    
0.60043252    
0.55647182    
0.50760084    
0.61152089    
0.91258705    
0.66765511    
0.24722838    
0.57145976E-01
0.75079012    
0.96618730    
 1.2650616    
0.95378727    
 1.0067890    
0.83341831    
 1.1674799    
 1.0726743    
0.81676227    
 1.0407627    
 1.9189266    
 1.7022121    
 1.2459052    
0.92980236    
 1.0742323    
 1.3459226    
0.89230299    
 1.0247370    
 1.0842470    
 1.1052619    
 1.4794331    
 1.3191532    
 1.9169357    
 1.0765297    
 1.1432953    
 1.2073437    
0.97477639    
0.22738534    
-.62997162    
-.91903724E-01
-.15708363    
-.11681728    
-.16833115    
-.65411812    
-.55605465    
-.41519156    
-.69839859    
-1.2367607    
-1.8672180    
-1.4600158    
-1.2532614    
-1.4773159    
-1.0549289    
-1.7068576    
-1.3397868    
-1.1555322    
-.53695762    
-.42183015    
-.72437459    
-1.0779176    
-.43068969    
-.31014112    
-.55957985    
-.85052691E-01
-.15917826    
0.19956270E-01
0.42668819E-01
0.41163269    
0.35358474    
0.32611701    
0.47117713    
0.69850075    
-1.8601363    
-2.2797029    
-1.7157276    
-1.6364096    
-1.0884774    
-1.4692132    
-1.1153698    
-1.3602414    
-.75474441    
-1.1193395    
-1.7905884    
-1.5730834    
-1.2979680    
-1.3519564    
-1.1210041    
-.57887489    
-.54577804    
-.54461086    
-.58939677    
-.61918867    
-.27137506    
-.12503791    
0.78877616    
0.76882374    
0.83486223    
 1.1358420    
 1.1746693    
0.95360452    
 1.2670346    
 1.3132668    
 1.3219411    
0.90763289    
 1.1911551    
 1.1232905    
0.86641353    
0.97539604    
 1.0740230    
0.51110899    
 1.4461566    
 1.5777168    
 1.3498694    
0.96235001    
0.62785566    
0.25210461    
0.63158375    
0.26727560    
0.42280727E-02
-.81905909E-01
-.52951235    
-.59632391    
-.55788386    
0.47469604    
0.31014016    
-.28627908    
0.38570857    
0.59965754    
 1.0098110    
 1.2489108    
 1.5755461    
 1.9024155    
 2.0824230    
 1.8527273    
 1.1759875    
 1.0793923    
0.65845591    
0.62681913    
0.32173330    
0.81031823    
0.98408741    
-.24725705E-01
0.14938128    
0.93707234    
 1.3841641    
0.87185162    
0.71756554    
0.54259551    
0.13792644    
0.50364876    
-.99604372E-02
-.93264870E-01
-.21011914    
-.65922379    
-.33479205    
-.33414263    
-.20940417    
-.12083196    
0.50041262E-01
0.87090075E-01
0.38751256    
0.62268853    
 1.1857530    
0.93798631    
 1.1553897    
 1.4632080    
 1.3294214    
 1.0813569    
 1.4695177    
 2.8553615    
 2.8170738    
 2.6818769    
-2.2690585    
-2.2514257    
-2.2400093    
-1.7545441    
-1.7814248    
-1.9525315    
-2.1343098    
-1.5635223    
-1.9524403    
-1.5284282    
-2.0687962    
-1.8647649    
-1.3494244    
-1.0231116    
-1.3423923    
-.72887832    
-.86468136    
-1.0077412    
-1.3841027    
-.66743749    
-.30327389    
-.17206126    
0.17367952    
0.50054610    
0.11111579    
0.96539837    
0.80754650    
 1.3308671    
0.80664217    
 1.2927005    
 1.5921565    
 1.3201681    
0.58673364    
0.83432150    
0.75028574    
0.99173957    
 1.4561633    
 1.2314407    
 1.2618659    
 1.2880205    
 1.1809729    
0.46530935    
-.20507373    
-.17059113    
-.99017583E-01
-.37960764E-01
-.49131885    
-.40472439    
-.56553149    
-.24626122    
-.60487825    
-.31461164    
-.14396131    
-.30274397    
0.39146709    
0.71372467    
0.59810317    
0.58223939    
 1.2545304    
 1.1278218    
0.93656409    
 1.4045779    
 1.7267597    
 1.1456698    
 1.7577300    
 1.5682294    
 1.0112895    
0.73611718    
 1.4067770    
 1.5224074    
0.55406773    
0.33408633    
0.51574737    
0.42752042    
0.66792965    
0.46926916    
-.69755249E-01
0.43369189    
0.66551918    
0.99366981    
0.91370767    
 1.4146399    
 1.1846800    
 1.3674059    
0.91242337    
0.98211491    
0.15548745    
0.40389252    
0.75344986    
0.71396250    
 1.3073703    
 1.5674762    
 1.3766694    
 1.1968321    
 1.8362790    
 1.9067495    
 1.8783841    
 1.7725916    
 1.7411343    
 1.7938913    
-1.7824827    
-1.8275497    
-2.4148443    
-2.1886384    
-1.9917291    
-2.0385709    
-1.6921836    
-2.1031084    
-1.6599895    
-1.3296205    
-1.6443137    
-1.2836716    
-1.1588281    
-1.7126209    
-.91380906    
-.75861406    
-.20899679    
0.54873783E-01
0.26847765    
-.46645281    
-.54702497    
-.44312391    
-.51462853    
-.39444187    
-.48527220    
-.91380432E-01
0.24982850    
0.81353329E-01
-.51837397    
-.35274598    
0.24200948    
0.36070045E-01
0.10350649    
0.27551094    
0.48938498    
0.47627777E-01
0.40224332    
0.78285307    
0.75750118    
0.33352682    
0.42368010    
0.42463779    
0.37647283    
0.26466841E-01
0.15417968    
-.13063966    
-.62185097    
-.15431708    
0.83810925E-01
0.42344874    
-.18596148    
0.33510470    
0.84828758    
 1.1987263    
 1.7023963    
 1.5392882    
0.71616048    
0.83374488    
0.26002473    
0.36146566    
0.70606416    
 1.1120646    
0.91960871    
0.78589153    
0.82048780    
0.66210920    
0.76611561    
0.32186389    
0.54160625    
0.12797952    
0.48012921    
0.29755017    
0.49194261    
0.85674334    
0.81816113    
0.87438834    
0.94478065    
0.39322108    
0.83312266E-01
0.81954646    
0.98735726    
 1.3527727    
 1.0317180    
0.82996225    
0.50049257    
-.17224412E-01
0.13110670E-02
0.14854850    
0.98964500    
 1.3641994    
 1.3387500    
0.83158225    
0.79768836    
 1.2605729    
 1.8548694    
 1.9282552    
 1.9086677    
 2.1693659    
 1.6981078    
 1.8600274    
-1.3388196    
-1.4678552    
-1.1542158    
-1.2004825    
-1.1289179    
-.52562404    
-.48164338    
-.56252845E-01
-.23387223    
0.27683675    
-.16485991    
-.20733774    
-.78201365    
-1.2551292    
-.60350084    
-.27736977    
-.70196442E-01
-.37533584    
-.21776387    
-.87676656    
-.40347594    
-.39814118    
-.25294018    
-.52932382    
-.54065514    
-.92447776    
-.69390076    
-.48608917    
-1.0165640    
-.69404924    
-.49457937    
-.97455752    
-.84536290    
-.75819898    
-1.1727283    
-.59181112    
-.31672460    
0.17988795    
0.65889525    
 1.0456268    
 1.1782715    
 1.2546710    
 1.3347296    
 1.4209812    
 1.0608329    
 1.1821326    
 1.1791729    
 1.4331508    
0.50128227    
0.54807848    
0.78955674    
 1.6545415    
 1.1979735    
0.98554057    
 1.3226479    
0.18984443    
-.13875870    
0.20134360    
-.60452148E-01
0.55780989    
0.58430481    
0.19580624    
0.16452166    
-.17758709    
-.33005986    
-.48223701    
-.16883299    
-.25690821    
0.21288882    
0.13672588E-01
0.42907280    
0.32098264    
-.15112628E-01
0.27101833    
0.44028786    
0.25220314    
-.14130183    
-.10238669    
0.79740532E-01
0.10671502    
0.65274459    
0.37382853    
0.87951273    
 1.1480752    
 1.1165673    
 1.0699867    
 1.2939384    
0.69593561    
 1.0018655    
0.63996410    
0.50817120    
0.98751962    
0.83487183    
 1.0255427    
0.66468620    
0.71607345    
0.84341758    
0.16293100    
0.29112548E-02
0.24283680    
0.14963032    
-.23195153    
-.20438196    
0.74160174E-01
0.33417702    
0.35372293    
 1.1037676    
0.98838550    
0.50220871    
0.45346430    
0.51444721    
0.58327960E-02
-.19997904    
-.16223656E-01
-.34961274    
-.26069266    
-.12075953    
0.23742455    
-.91624767E-01
-.72142428    
-.80562198    
-.80011415    
-.93365037    
-1.0954597    
-.79969907    
-.54145098    
-.47854280    
-.38810927    
-.84207928    
-1.2414738    
-1.1408862    
-1.2968417    
-1.3940003    
-1.5275639    
-1.7087154    
-.80451298    
-1.2885922    
-.84051132    
-.18058509    
0.47217280E-01
0.69325286    
 1.1734257    
0.66372609    
0.35156590    
0.36749020    
 1.2684680    
 1.0585538    
 1.0604805    
0.81186676    
0.68958020    
0.93560153    
0.93328804    
0.32948494    
0.36468142    
-.11855377    
-.75751942    
-.57734662    
-.71342170    
-1.0386924    
-1.9682919    
-1.3965517    
-1.2174132    
-1.2094227    
-1.1098412    
-.96672791    
-1.1935178    
-.38043204    
-.51625448    
-.94433999    
-.93235159    
-.53055161    
-.30188429    
0.15535799E-01
0.25089699    
 1.0752144    
0.96774024    
0.38848016    
0.13402790    
0.48593861    
0.87097198    
0.16413045    
0.60413629    
0.78352273    
0.67347449    
-.64555243E-01
-.55339923E-02
0.29648963E-01
0.35196063    
-.24210431    
0.99152148E-01
-.28766811    
0.24839045E-01
0.39386961    
0.13569965E-01
-.14274386    
-.23271082    
0.10173690    
0.49194282    
0.25695351    
-.34053293    
0.46392155    
0.24624247E-01
0.70121300    
 1.0712998    
 1.1371471    
 1.6698248    
 1.5370610    
 1.1934026    
 1.1212173    
0.99554402    
0.79698241    
0.86098033    
0.78380793    
 1.2375679    
 1.5902053    
 1.9359810    
 1.9224838    
 1.2985075    
0.76312983    
0.20526811    
-.19106662    
-.10765211    
-.29551342    
-.14122325    
-.11221076    
0.26600754    
-.51870012    
-.72625750    
-1.1066896    
-2.2132761    
-2.1958416    
-2.9899726    
-2.9254694    
-2.7367642    
-1.8589487    
-1.3160536    
-.50261205    
-.62122756    
-.33085826    
0.37649184    
0.44616169    
 1.0072498    
 1.3104163    
 1.7178737    
 1.3695796    
 1.5524595    
 1.4515749    
 1.3211880    
0.73821801    
0.64792180    
0.47304323    
0.33515561    
0.15867215    
0.67041948E-01
-.39180613    
-.39598498    
-.10756747    
-.45910871    
-.38613066    
-.18016933    
-1.0254388    
-1.2034374    
-2.1499200    
-2.2845628    
-2.1012568    
-2.0474114    
-1.6360264    
-1.4114337    
-1.4036440    
-1.0765526    
-1.2293339    
-1.6804788    
-.54508752    
-.45811590E-01
0.72556418    
0.47739109    
0.74187741E-01
0.27208544E-01
0.43844479    
0.51467615    
0.90690070    
0.52565074    
0.85858452    
 1.2100282    
0.89896083    
0.80068153    
0.62950265    
0.16666345    
-.24095432    
-.97046918    
-1.1412405    
-.81199664    
-.46495160    
-.24914515    
-.31017527    
-.76335531    
-.57285106    
-1.0783117    
-.63218713    
-1.2871433    
 1.0013003    
 1.5594840    
 1.3983195    
0.65882474    
0.76552588    
0.78749937    
0.96479714    
0.92490959    
0.88248253    
0.79677969    
 1.0871264    
 1.2623364    
 1.4897878    
 1.2346681    
0.97751164    
0.73297924    
0.90439308    
0.68079025    
 1.3351432    
0.97749007    
 1.1098129    
0.93393463    
0.23696660    
-.61848539    
-1.1800574    
-1.4000332    
-1.6019434    
-2.3406374    
-2.3952832    
-3.0866942    
-3.4283118    
-2.6880577    
-2.3730409    
-2.1397614    
-2.6593056    
-2.5804174    
-2.3315651    
-2.5610509    
-2.0699914    
-.71523696    
-.45574448    
-.24734730    
-.19612557    
-.12622398    
0.35293347    
0.51448119    
0.83697192E-01
-.11518078    
-.43525755    
-.35664120    
-.55982882    
-1.3469797    
-.97974700    
-.68395972    
-.21377999    
0.39056358    
0.10970860    
0.44433290    
0.11880183    
0.85708816E-02
-.31459230    
-.55801785    
-.99235481    
-1.1381714    
-.93825340    
-.95036829    
-1.0296855    
-1.6668607    
-1.9918184    
-1.4064126    
-.98888826    
-1.1159964    
-.82361722    
-.49907899    
-.60501951    
0.37718657E-01
0.23760740E-01
0.18695472E-01
0.43822050    
0.40358323    
-.13754069E-01
0.24663971    
0.60705054    
0.47924289    
0.53192908    
0.75677961    
0.78618991    
0.15760300    
0.82970195E-01
-.65090400    
-.61650938    
-.60928828    
-.61717451    
-.63600534    
-.31470373    
0.33133015E-01
-.65824473    
0.78424141E-01
0.31138867    
0.56337231    
0.62459892    
0.57085410E-01
0.51771629    
0.81130707    
0.79753071    
0.36499122    
0.64150858    
0.22036637    
0.41641372    
0.95923787    
0.54800248    
0.79174739    
 1.0519098    
0.66901249    
0.18250287    
0.72341222    
0.75794256    
 1.0741117    
0.78444296    
0.27992411E-02
0.40437382    
0.10298742    
0.19238558    
-.28885713    
0.89677587E-01
-1.1522768    
-1.6211369    
-1.5245780    
-2.0174654    
-2.0315704    
-1.7843622    
-1.7433006    
-1.8285302    
-2.5878699    
-1.6201527    
-1.3036953    
-1.2898642    
-1.2187188    
-1.5883627    
-1.5511146    
-1.5132819    
-1.0214758    
-1.3352114    
-.41731629    
-.53001571    
-.48786482    
-.25443080    
-.61603710E-01
-.56252152    
-.70563620    
-.41713855    
-1.2934004    
-1.2004975    
-1.1947143    
-.77359343    
-.30013528    
-.20526087    
-.25512651    
-.73205037E-02
-.48191592E-01
-.45488283E-01
-.16510658    
-.35894164    
0.23567535    
-.12527373    
-.48510063    
-.52013016    
-.48496544E-01
-.80718458    
-1.0882658    
-.46823657    
-.41001508    
-.71247184    
-.79128772    
-1.1597472    
-1.0234600    
-.96985626    
-.55011338    
-.35630846    
0.38440417E-01
-.10429742E-02
0.15428661    
0.82539600    
0.51691353    
0.44446370    
0.73981738    
0.66883200    
0.54238856    
0.41374704    
0.16098174    
0.98352931E-01
0.20937970E-01
0.16725408    
0.22538933    
0.39509737    
0.34432250    
0.82604355    
 1.1280235    
0.61987048    
0.76084352    
 1.5099818    
 1.1857294    
 1.5217185    
 1.4336771    
 1.5656426    
0.67553729    
0.60628599    
0.72542943E-01
0.62124033E-01
0.40995929    
0.78621906    
0.18942398    
0.28925675    
-.37295859E-01
0.14338188    
0.43130457    
0.67797363    
0.45348352    
-.81690006E-01
-.17856523    
-.73190796    
-.37452215    
-.55040938    
0.20359221    
-.59296858    
-.86257911    
-.85885215    
-1.2666239    
-1.5565385    
-1.7111986    
-2.1171274    
-2.2266929    
-2.0059197    
-2.4156439    
-1.9166439    
-1.5169930    
-1.7137117    
-1.1068692    
-1.1087123    
-1.4766026    
-1.9754634    
-1.8034608    
-1.6660981    
-.86422503    
-.74297893    
-.61625037E-01
-.45857722    
-.16383341    
-.25770786    
-.82666695    
-1.0405313    
-.34459484    
0.36734405E-02
-.49123940    
-1.0862722    
-.82361385E-01
-.82040742E-01
-.86534387    
-.57046378    
0.68537574E-02
-.78091842    
-.61160898    
-.60684979    
-.91585803    
-.82565337    
-1.2904469    
-1.3414942    
-1.1574727    
-1.3108171    
-1.2897050    
-.81564891    
-.45016837    
-.35524499    
-.48753530    
-.84029526    
-1.0889510    
-.81720644    
-.92805207    
-.81099129    
-.16801104    
-.39376572    
-.97857006E-01
0.83694166    
0.99285150    
0.76470226    
 1.0670682    
0.82652706    
 1.3587047    
 1.3569221    
 1.2767047    
0.77263284    
 1.0315539    
0.96943688    
 1.6540933    
 1.4512498    
 2.1252594    
 1.5369828    
 1.5671663    
 1.3737025    
 1.0402819    
 2.1548393    
 1.7786289    
 1.5578594    
 1.2997355    
0.80027175    
0.35157269    
0.33012590    
0.16194010    
0.58297992    
0.28784963    
-.28298303    
-.31747735    
-.92023298E-01
0.82343423    
 1.3084146    
 1.4870104    
 1.1136159    
0.81574804    
0.45724842    
0.25470474    
-.32361716    
-.19070499    
-.27498329    
-.31132150    
0.19261999E-01
-.74527222    
-.56291336    
-.94705266    
-1.0910596    
-1.8777275    
-2.0026207    
-1.7859514    
-1.2451289    
-.84669048    
-1.3217902    
-1.1235096    
-1.2252671    
-1.0689424    
-1.1315100    
-.31498674    
-.37452430    
-.68859178    
-.29153576    
0.14413251    
0.23709102    
0.82261837    
 1.0945351    
0.90136355    
0.43034762    
0.40959656    
0.12195551    
0.51631206    
0.86951995    
0.74460721    
0.92240000    
0.21968466    
0.18058357    
-.34694445    
-.30232579    
-.68739933    
-.40435484    
-.32067972    
-.61738533    
-1.1798832    
-1.1640346    
-.72292250    
-.85164756    
-1.2770238    
-.75719166    
-.81314188    
-1.0780741    
-1.0410812    
-.79772949    
-.20534998    
-.25756307E-01
0.33309378E-01
-.27551070    
0.42287130E-01
-.56469721    
0.96265383E-01
-.41410905    
-.44256028E-01
0.35412541    
0.95723641    
 1.1733828    
 1.5408003    
 1.8664882    
 2.2474473    
 2.1535621    
 2.6917613    
 2.4672649    
 2.0022254    
 1.4769142    
 1.1886834    
 1.5885625    
 1.3471673    
 1.9785806    
 2.0511029    
 1.5644348    
 1.8729306    
0.96238708    
0.78900051    
0.80505019    
 1.8183472    
 1.1698946    
 1.3190392    
0.29746392    
0.77648193E-01
0.29461765    
0.23740028    
0.22840364E-01
0.43408650    
-.99185944E-01
0.42420778E-01
0.34493095    
 1.1837527    
0.24158837    
0.41738513    
0.44369254    
0.35640132    
0.18928279    
0.50301009    
-.52775554E-01
-.38450399    
-.73371589    
-1.2214737    
-1.3493438    
-1.6501235    
-.70730144    
-.36379659    
-.49888489    
-.87151200    
-1.0326513    
-1.6095208    
-1.4465957    
-1.5088394    
-1.2416395    
-.62782609    
-.49031430    
0.38306412    
0.50812918    
0.74614596    
0.76982152    
 1.2850674    
 1.2016505    
0.36220214    
0.25697121    
0.55384648    
0.21045253    
0.34814000    
-.21964093    
-.59298843    
-.82695287    
-.44202721    
-.44452938    
-.97947049    
-.90170652    
-.52079242    
-.42973152    
-.48795962    
-1.1139479    
-1.7361324    
-1.3886386    
-.74313295    
-.67213833    
-.10841092    
-.48540032    
-.67417449    
-.16044222    
0.21794355    
0.36443928    
0.58298510    
0.52113980    
0.24563524    
0.38293046    
0.53818232    
0.82804364    
0.75939453    
0.33589777    
0.77579445    
0.50580359    
0.58302641    
0.18299453    
0.39016926    
0.67616856    
 1.1944498    
 1.0328141    
0.45558894    
0.51552856    
0.79189932    
0.94378257    
 1.3245722    
 1.2405241    
 1.2667186    
0.68634212    
0.54294828E-01
-.43473783    
-.42620394    
0.26407516    
0.40697309    
-.40047318    
0.25806057    
0.23285665    
0.11781740    
-.40195149    
0.10087957    
0.12661652    
0.44616809    
0.42237818    
0.64621896    
0.27226096    
0.10563547    
0.16309275    
0.17737898    
0.22397321    
0.67863859E-01
0.73142505    
 1.4171456    
 1.2569245    
 1.0836141    
0.66606677    
0.54261750    
0.42459524    
-.87273732E-01
-.76073962    
-.70997667    
-.52371931    
-.65290397    
-.76787126    
-.55231714    
-1.1235011    
-1.3902376    
-1.2865008    
-1.1656903    
-1.2383723    
-.86605912    
0.20794722    
-.24411684    
-.49506617    
-.54867429    
-.47682446    
-.59892827    
-.65287328    
-.43442205    
-.71703446    
-.64969099    
-.99600679    
-.88556796    
-.82439947    
-.30076790    
-.80994141    
-1.1273960    
-1.0919274    
-.43042630    
-.88913220    
-1.0089539    
-1.2770107    
-1.0039390    
-1.1214443    
-1.0835732    
-1.4282768    
-1.4926549    
-1.1824841    
-.36375248    
0.45319069E-01
0.84222890E-01
0.12575094    
0.75623554    
0.64812714    
 1.0522959    
 1.3823041    
 1.3297129    
0.80788636    
0.61025727    
0.58937496    
0.95251530E-01
0.60030621    
-.16588002    
0.93920432E-01
-.75445719E-01
-.10342047    
0.37383148    
-.13746372    
-.28552300    
-.23755789    
-.69210750    
-.83127636    
-.88749564    
-.91044348    
-.98143005    
-.55932325    
-.20506915    
-.36333388    
-.50604381E-01
-.89438148E-01
-.26367682    
-.37475052    
0.38377887    
0.23654376    
0.76412302    
-.28745735    
-.51960146    
-.57899439    
-.74172395    
-1.2470388    
-.74497110    
-.92263937    
-.33795986    
-.13231800E-02
0.29515347    
0.39460756E-01
0.39156532    
 1.2134819    
 1.3129179    
 1.0012696    
0.30373994    
0.93999809    
0.77503771    
0.85819113    
0.77369094    
0.96927679    
 1.2649868    
0.95885432    
0.61312777    
0.60751989E-01
-.54990832E-01
-.82333177E-01
0.87650314E-01
-.94084090    
-.88085383    
-1.4382386    
-1.6627491    
-.78796422    
-1.2060267    
-1.0026053    
-.91172183    
-.43297186    
-.31470278    
-.45837516    
-.51379311    
-.28449649    
-.21200922    
-.47648802    
-.85929781    
-1.0645148    
-1.2001117    
-.86269087    
-1.1763421    
-1.2446522    
-1.1889987    
-1.6800816    
-2.0725007    
-1.2145804    
-.49685261    
-.85124701    
-1.0286828    
-.53952426    
-.91348982    
-1.5710105    
-1.6709054    
-.94890487    
-1.0234251    
-.39409012    
-.11259355    
0.58335149    
0.39676359    
 1.2746943    
 2.0181150    
 1.8981721    
 1.3005879    
 1.5363446    
 1.2129762    
 1.2362465    
0.60948902    
0.38971102    
-.50605100    
-.39446093E-01
-.24774531    
0.40651206E-01
0.28882948    
-.29979553E-01
-.84302294    
-.92245382    
-1.0927871    
-1.1924788    
-1.2114614    
-1.6059707    
-1.7999961    
-2.1090908    
-1.9715506    
-1.8960197    
-1.4221065    
-.86642331    
-.35891765    
-.43003759    
-.91570854E-01
-.18179782    
0.12730950    
0.88301849    
0.35634997    
-.15783931    
0.19393593    
-.19969687    
-.29263011    
-1.1781108    
-.64086974    
-.64799803    
-.57657671    
-.18357176E-01
-.15177536    
0.15824245E-01
0.81504005    
0.68074858    
0.72459728    
0.91577762    
 1.3750488    
0.87134534    
 1.4771795    
 1.9688746    
 1.7557539    
 1.7963852    
 1.3536445    
 1.2238710    
0.64482641    
0.67212582    
0.16835260    
0.19367979    
-.20113540    
-.23572633    
-.23497649    
-.68472546    
-.75681204    
-.72883898    
-.53788388    
-.77582991    
-1.0310721    
-.98241544    
-1.1763415    
-1.3408115    
-.65238732    
-.62846631    
-.53977227E-03
-.51397562    
0.28699523    
0.49912122    
0.99777329    
0.53127909    
-.54034900E-01
-.95097713E-01
-.22438896    
-.59412402    
-.66999876    
-.91159061E-01
-.11346655    
-.24527952    
-.52974325    
0.44044845E-01
-.24232674    
-.66796735E-01
0.28998183E-01
0.93556339    
0.86330134    
 1.3238248    
 1.0094191    
 1.2116497    
0.85119486    
0.84017259    
0.97093523    
0.63822466    
 1.0114189    
 1.6667160    
 1.0164880    
 1.4209694    
 1.4262851    
 1.1982679    
0.64943868    
0.37383327    
0.23536713    
0.25731796    
-.36376876    
-.69521034    
-.95686132    
-.90548778    
-1.2135499    
-2.1158185    
-2.0368285    
-2.2730124    
-2.0764649    
-2.1007543    
-2.3900328    
-2.1224432    
-1.7933878    
-.86406893    
-.49773967    
-.50692868    
-.28844473    
-.29496577    
0.22069468    
-.22240828    
0.89083806E-01
-.44792441    
-.30831024    
-.61841381    
0.45379028E-01
0.64416236    
0.25425673    
-.28014389    
0.41438706E-01
-.18062843    
-.46037734E-02
0.71558201    
 1.3868439    
 1.0268687    
 1.4901117    
 1.5985080    
 1.9273171    
 1.8511416    
 1.7042642    
 2.1526403    
 1.8059722    
 1.5572891    
 1.2559226    
 1.1182475    
0.43613636    
0.74068195    
0.30513340    
0.96206024E-01
0.38651086E-01
-.55604708    
-.36257789    
-.54268557    
-.91232574    
-1.2753956    
-.91517711    
-1.4054519    
-1.3292669    
-1.2805223    
-1.3150966    
-.62761271    
-.42682594    
-.45557922    
-.20156480    
-.54573584    
-.17012405    
0.43328428    
0.27318355    
 1.1694454    
0.58725923    
0.96601659    
0.39520183    
0.55973494    
0.69974458    
0.38853958    
0.61563033    
0.44257653    
0.72078866    
 1.1330183    
0.68141967    
 1.3756838    
 1.7801031    
 2.1569343    
 1.8418007    
 1.4017388    
0.64239645    
 1.0110219    
0.75940722    
0.59661841    
0.94565827    
 1.4102186    
 1.7419333    
 1.8383174    
 2.0939839    
 1.7771038    
 1.0231026    
0.76671582    
-.34634646E-01
0.85542597E-01
0.28086808    
0.52463058E-01
-.64360923    
-1.2961583    
-1.6091321    
-1.6604989    
-1.4417238    
-1.0845283    
-1.0255364    
-.92506653    
-1.2507402    
-1.1588002    
-1.0623454    
-.61656648    
-.72350103    
-.63600796    
-.51979399    
-.42230397    
-.60132885    
-.82433331    
-1.4474652    
-.89949006    
-1.4312718    
-.16395405E-01
0.49981095E-01
-.37123582    
-.50623134E-01
-1.0130054    
-.78691512    
-.64294600    
-.21715524E-01
-.21611756    
0.21023040    
0.14218575    
0.67717820E-01
0.59548360    
0.21892576    
0.32442757    
0.24769464    
 1.4020375    
 1.6085578    
 1.4433287    
 1.7163298    
 1.9587008    
 1.9745756    
 2.3763463    
 2.0194070    
 2.0041652    
 1.3498445    
 1.2441229    
 1.2274406    
 1.0956886    
0.52210176    
0.52927709    
0.13377638    
-.68131514E-01
-.47425178    
-.76396123E-01
-.13043216    
-.74917072    
-1.0411428    
-.63452107    
-.67927146    
-1.0008849    
-1.4302090    
-1.3535903    
-.88438940    
-.77700144    
-.62013966    
-.18864393    
0.12421067    
0.35852671    
0.74929613    
-.42928129    
-.19005612    
0.10280645    
0.28447551    
-.21418615    
-.97705700E-01
0.49635217    
 1.0211431    
 1.0918667    
 1.4351248    
 1.5374925    
0.97036409    
 1.5847768    
 1.4485501    
0.59690762    
0.87115961    
0.65882456    
0.92899436    
 1.3809721    
 1.3553727    
 1.6104797    
 1.1514797    
 1.1351150    
0.83224678    
0.55009776    
0.85904813    
0.81238084E-01
-.91832116E-01
-.43317136    
-.23033935    
-.60255349    
-1.0904562    
-1.0768447    
-.81589860    
-.63886398    
-.80231637    
-1.0782543    
-.72648984    
-.64034086    
-1.1686727    
-1.1477933    
-.86880511    
-1.1179130    
-1.7069459    
-1.9717456    
-2.0764542    
-1.7099496    
-2.1256711    
-1.7164028    
-1.8816510    
-.25577164    
0.13832997    
-.53899817E-01
-.52036387    
-.30275017    
0.54844230    
0.92766747E-01
-.24295731    
-.20239909    
0.53257841    
0.96970838    
0.89876807    
0.58209521    
0.83850038    
0.11143518    
0.19101560    
0.21461347    
0.75522566    
 1.2464885    
 1.1939155    
 1.4236455    
 1.5231416    
 1.4405180    
 1.2746557    
 1.6074499    
 1.1803482    
 1.4050552    
0.81515115    
0.64300209    
0.55544662    
0.21753502    
-.17726216    
-.24099280    
0.23353258    
0.68080026    
0.30588356    
0.31097001    
-.48208583E-01
-.58849704    
-.46444890    
-.34207031    
-.34297863    
-.65233535    
-.73698652    
-.71713978    
-.36362624    
-.96728057E-02
-.19564176E-01
-.23891989E-01
-.56511033    
-1.1519552    
-.73299330    
-.96320224    
-1.3262185    
-1.2170128    
-1.4907812    
-1.1539307    
-.95882297    
-.84910369    
0.11453346    
0.54066604    
0.19809616    
0.95893103    
0.88205665    
0.36327463    
0.20931843    
0.43199354    
0.75918454    
0.54022390    
0.20349920    
-.43321025    
-.38227811    
0.60472220E-01
-.14200450    
-.66596651    
-.29078695    
0.20485702    
-.26768357    
-.69313174    
-.62232959    
-.36693659E-01
-.93328619    
-.82947159    
-.79781258    
-.93612528    
-.75336492    
-.89497042    
-.78425938    
-.54742944    
-.77450693    
-1.1353248    
-1.4839479    
-1.6931518    
-1.8886322    
-1.5821018    
-1.5037615    
-1.9467381    
-1.9332490    
-1.6066028    
-1.6776048    
-.77931292E-01
0.44052866    
0.58623874    
0.59340000    
 1.0825096    
0.53500545    
0.71451801    
0.56186187    
0.57694864    
0.73014319    
0.99041712    
0.12122866    
0.30303591    
0.13152695    
0.11539821    
0.44225866    
0.90841097    
 1.2933924    
0.90360987    
 1.6116617    
 1.3434765    
 1.2685574    
 2.0730541    
 2.1467199    
 2.3350742    
 2.2644050    
 1.7559350    
 1.6752105    
 1.3539511    
 1.2266558    
 1.4259346    
0.94447356    
0.68795091    
0.74487686    
0.32946697    
0.79392248    
0.77591348    
0.81144756    
0.40631947    
0.38356289    
0.10774153    
-.13212347    
0.17974128    
-.13686627    
0.52594408E-01
0.22261856    
-.27251086    
-.46474367    
-.77866435    
-1.0352147    
-.74304515    
-.51055765    
-.59552747    
-.28008804    
-.84437889    
-.68502975    
-.87094259    
-.18350977    
0.46377334    
0.21387367    
0.46269318    
0.49763253    
0.84730738    
0.72412032    
-.30968944E-01
0.14929776E-02
0.56316659E-01
-.54227531    
0.96689556E-02
-.54699153    
-.67739385    
-.72690183    
-1.0572084    
-1.1601996    
-.73512113    
-.73355012E-01
-.65993023    
-1.1903694    
-1.2142371    
-1.3783416    
-1.1916174    
-.74836111    
-.51774377    
-.17280881    
-.18097998    
-.37137228    
-.39855123    
-.63617122    
-.65899110    
-.92264831    
-1.3457650    
-1.9508294    
-2.4548976    
-1.8989750    
-1.9351195    
-2.5623474    
-2.9523940    
-2.7759151    
-2.5327065    
-1.8915102    
0.34831408    
0.71351594    
0.22766341    
0.45866942    
0.92153722    
 1.0629528    
 1.0123495    
0.88868958    
-.13295523E-01
0.68566948    
 1.5420274    
 1.1373384    
 1.2228045    
0.19584115    
0.45572343    
0.15394770    
0.46846589    
0.22949471    
0.15911818    
0.43562636    
0.94665807    
 1.8575659    
 1.4003141    
 1.4871731    
 2.1307843    
 2.2784808    
 1.9992224    
 1.6578228    
 1.4683675    
 1.0907836    
 1.5304281    
 1.4387172    
 1.2325895    
0.94901651    
0.88937891    
 1.3876718    
 1.7187725    
 1.2318385    
 1.6195164    
 1.4179170    
 1.2286829    
0.92982244    
0.96006393    
 1.1471198    
0.43994921    
0.40215307    
0.43527257    
-.21080344E-02
-.60761243E-01
-.32760400    
-.91133058E-01
-.50987590E-01
0.10653599    
-.21719094    
-.53450535E-02
0.61844040E-01
0.48642895    
0.10076184    
0.62823725    
0.27952507    
0.47638285    
0.89281243    
0.71440136    
0.38728049    
0.35202229    
0.19077271    
 1.1225064    
-.86104393E-01
0.70654050E-01
0.95462985E-01
0.18992814    
0.28373483    
0.17144856    
-.54056626E-01
-.33139414    
-.82776541    
-.97163290    
-.99261218    
-.63718450    
-.68015945    
-.46185926    
-.26379630    
-.20295456    
-1.3877690    
-.43192667    
-.23198557    
0.21441813    
-.30281097    
-.30942050    
-.20799577    
0.30640684E-01
-.45647812    
-.32194617    
-1.0416466    
-1.5062273    
-1.8450207    
-1.9311155    
-1.7896849    
-2.3200755    
-1.9818848    
 1.3029057    
 1.2155783    
0.98400933    
0.83065218    
0.10281772    
-.12022099    
0.18905585    
0.93179561E-01
-.38071594    
0.15266614    
0.13027166    
-.34744784    
0.31640938    
-.77539586E-01
-.19758004    
-.30457275E-01
0.52930538E-01
0.12997250    
0.43695647    
0.56544095    
0.74088120    
0.72096819    
0.82170725    
0.29365435    
-.23636624    
-.10875402    
0.24167396    
0.19046426    
0.68932885    
0.66615564    
0.76565361    
0.62069046    
0.33977017    
0.52597696    
0.47754136    
0.92919451    
 1.6042032    
 1.4479487    
 1.7169750    
 1.4118080    
 1.4945936    
 1.2630165    
 1.2505726    
 1.0376127    
0.60977489    
0.51426953    
0.49705887    
0.85990733    
 1.1992199    
 1.0240322    
0.68097728    
0.91094369    
 1.4001145    
 1.0807612    
0.64344829    
0.87018538    
0.73607564    
0.74235243    
 1.1806308    
 1.3814950    
0.84553933    
-.14645368    
0.79310641E-01
0.18868192    
0.19073093    
0.43744844    
0.54465973    
0.53124219    
0.39162517    
-.18713383    
0.44410724E-01
-.95598355E-01
-.34955072    
0.20469928    
-.21218581    
-.40967155    
-.47848046    
0.91205813E-01
-.57937133    
0.17258096E-01
0.99267416E-01
-.62127490E-01
-.82530457    
-1.4907113    
-1.1480663    
-1.0610819    
-1.0544113    
-.76477087    
-.53148603    
-.49421403    
-.53116989    
-.16028318    
0.52744012E-01
-.32916233    
-.26897582    
-.24287441    
-.89355373    
-1.1320605    
-.53374267    
-.82411689    
0.80685693    
0.68829226    
0.56581748    
0.40647119    
-.31339094E-01
-.63612092    
-.28421804    
-.34301969    
-.40714404    
-.43598425    
-.62118381    
-.15255620    
-.14363246    
-.95224941    
-1.5310385    
-2.0171657    
-2.4700501    
-1.9571968    
-1.5601028    
-1.1087486    
-.74864972    
-.31430432    
-.62856510E-01
-.17658283    
-.43793088    
-.22944300    
0.20248088    
0.38866531E-01
-.14191958    
-.57575655    
-.66282913E-01
-.28074527    
0.87647900E-01
0.88515460E-01
0.49883196    
0.61103575E-01
0.35502607    
0.31902003    
0.17380369    
-.12238191    
0.22495571    
0.42975628    
0.26335052    
0.64120257    
0.61430210    
0.59938735    
0.74195683    
 1.5355844    
 1.6127160    
 1.4586649    
 1.7910448    
 2.2114182    
 1.9467468    
 1.7598759    
 1.0453362    
0.89445031    
0.82498562    
0.45219237    
0.65948880    
0.36829370    
0.38272661    
0.27677262    
0.68336233E-01
0.69735336    
0.55841684    
0.67050815    
0.84527278    
0.74112982    
0.70521837    
0.55693215    
0.46656689    
-.58299586E-01
0.22184986    
0.74495274    
0.33571920    
0.53787035    
0.20159343E-01
0.11394509    
0.35015631    
0.13316701    
0.11283532    
-.42932940    
-.17770527E-01
0.10854737    
0.19481426    
-.22279306    
-.49449083    
-.36032310    
-.84683818    
-.79420018    
-.15200464E-02
-.38787809    
-.40419787    
-1.0405382    
-.38004947    
-.66031891    
-.18551534    
-.68979126    
-1.4825643    
-1.3631788    
-.21085483    
-.45495821E-03
-.31759799    
-.64265764    
-.75778019    
-.56713808    
-.33733481    
-.24730770    
-.43371829    
0.44600282E-01
-.47721109    
-.35557523    
-.59032893    
-1.1703240    
-.88319594    
-1.1678855    
-1.4148030    
-.99116403    
-1.4428132    
-1.4315143    
-1.2536592    
-1.0724566    
-.97676593    
-.72511792    
-.81076634    
-.93463326    
-1.1843271    
-.80982459    
-.85766286    
-1.5437220    
-.79974467    
-1.4176750    
-1.5665506    
-1.2886699    
-.70877099    
-.32591867    
0.23002976    
 1.0114132    
 1.4031105    
 1.4335951    
 1.8627362    
 1.7324636    
0.91417080    
0.95283574    
0.82505435    
 1.3658403    
 1.7843076    
 1.6135956    
 1.6901209    
 2.0948462    
 1.7885060    
 1.4592547    
 1.1448236    
 1.6325787    
 1.3224031    
0.74455523    
0.32563257    
0.52275550    
0.30048493    
0.12245148    
0.31422165    
0.48506152E-01
-.34988609    
-.29693849E-01
0.19056978E-01
0.77189185E-01
0.75308383E-01
-.48366046    
0.20310485    
0.20630217    
-.36925194    
-.29445705    
0.42276266    
0.67825544    
 1.2704718    
 1.0581789    
0.64129096    
-.69110906E-02
0.47497466    
0.59106064    
0.54095760E-01
0.39724523    
0.42427954    
0.27625412    
0.18016730    
0.57746142    
0.30191162    
0.80960326E-01
-.12633631    
0.26597172    
0.13612854    
0.34231311    
-.34986374    
0.13511254    
0.38099992    
0.26514170    
0.22048876    
-.37177283    
-.37066597    
-.79242712    
0.51681519    
0.50330216    
0.52146506    
0.17129847    
-.94841033E-01
-1.0936383    
-1.3838497    
-1.4948852    
-1.4106306    
-1.2089496    
-1.0755892    
-1.8014033    
-1.2680328    
-1.3307483    
-1.2937341    
-1.4347690    
-1.2086904    
-1.9269748    
-2.4473350    
-2.5414083    
-2.0383530    
-2.3268554    
-1.6382447    
-1.3675390    
-1.1928481    
-1.3456802    
-1.6679521    
-1.7508891    
-2.0759513    
-2.2851353    
-1.9618655    
-1.6825379    
-1.3396223    
-1.4353554    
-1.7974671    
-1.2924515    
-.84652930    
-.14581193    
0.33107483    
0.72189516    
0.39142931    
 1.0401123    
0.12258931    
0.51724773E-01
 1.0767891    
0.80220199    
0.48937809    
0.16495754    
0.13049816    
0.35515460    
0.55201173    
-.19976540E-01
0.35940281    
0.80036864E-01
-.10046519    
-.15492435    
0.24397108    
0.79255086    
0.17056258    
-.18338625    
-.44396973    
-.59560633    
-.98685181    
-.17745920    
-.33934746E-01
0.83834463    
0.44512933    
0.68612885    
0.49161619    
0.15494338    
-.75985491    
-.56574583    
-.30407587    
-.11229921    
-.16357678    
0.77447757E-01
0.30257389    
0.43857166    
0.47878918    
0.60622239    
0.74219614    
0.67959833    
0.86037004    
0.21598543    
-.18073446    
-.23391277    
0.28414610    
0.24078687    
-.62206235E-01
-.24481717    
-.59167111    
-.50354862    
0.21380255    
-.19186253E-01
-.27491564E-01
0.70484489    
0.88659400    
0.76442230    
-.10215169    
-.55150855    
0.69094193    
 1.0760399    
 1.0418513    
0.41213906    
0.15207414    
-.27344024    
-1.0521444    
-.43729699    
-.53200442    
0.31426251    
-.16737586    
-.43696633    
-1.1143246    
-1.4450452    
-1.1154470    
-1.2531430    
-1.3028725    
-1.9704196    
-1.0636131    
-1.1595713    
-1.1184728    
-.85003930    
-1.3771276    
-.83864522    
-.49192613    
-1.0520016    
-1.4346648    
-1.5510290    
-1.4607016    
-1.5379671    
-1.3997248    
-1.5798514    
-1.9089622    
-1.4335742    
-1.0678850    
-1.4203583    
-1.2545714    
-.95896959    
-.84559506    
-.14593063    
0.23348154    
0.68999922    
0.25951965E-02
0.18346930    
0.98134071E-01
0.32166505    
0.22991350    
-.34526303    
-.13113627    
0.27627591E-02
0.34948713    
0.19233948    
0.82636255    
0.15509540    
-.85777650E-02
0.24489833E-01
-.27395141    
-.42284139E-01
0.20670316    
-.44969048E-01
0.46342280E-01
0.26613376    
0.12872994    
0.31453824    
0.44010073    
0.21716948    
0.42239496    
0.42711884    
0.38848233    
0.38295943E-01
0.23060533    
-.35535861E-01
0.83726865    
0.23592643    
-.89430911E-02
-.61798304E-01
-.12223619    
0.76092088    
0.49038005    
0.71498144    
0.44390929    
-.36980581    
-.47317308    
-.89119393    
-.80561155    
-.78242317E-01
-.31360406    
-.42543474    
0.25953734    
0.50712371    
0.35390383    
-.56990528    
-.76766133    
-1.1273288    
-.54980069    
-.60447717    
-.40993169    
-.10525820    
-.28077888    
-.23723030    
0.33878255    
0.77684236    
0.56381983    
0.34356144    
-.29822577E-01
-.12760465    
-.13010977    
-.67817837    
-.77827400    
-.43065548    
-.55708468    
-.38655433    
-.66652292    
-.34249297    
-.13535917    
-.46741149    
-.25420749    
0.94155915E-01
0.48157375E-01
-.83733004    
-1.1584705    
-1.0443248    
-1.3355651    
-.99932313    
-.89913827    
-.70460153    
-.58656454    
-.47557724    
-.30703742E-01
-.41324788    
-.86265659    
-.98876530    
-.53486568    
-.80079752    
-.91258019    
-.68467349    
-.88396484    
-1.2665461    
-.88365006    
-.65433007    
-.42625910    
-.80401099    
-.89805335    
-1.4166776    
-1.1253000    
-.64963293    
-.44607484    
-.55026930E-01
-.33346289    
0.19576614    
0.13642725    
-.10980809    
-.13287112    
-.29963553E-01
0.39007336    
0.59192419    
0.48503271    
0.73179740    
0.56478900    
0.29456520    
-.21298920    
-.82719289E-01
-.30277571    
-.18888472    
-.24781065    
-.82630551    
-1.0097319    
-.86824995    
-.74440753    
-.59214848    
0.23623107E-01
0.38812920    
0.58972549    
-.29335001    
-.55326188    
-.76815224    
-.77668989    
-1.0583683    
-.74026829    
-.26064968    
-.41961145    
-.69075888    
-.35189983    
0.75464439    
0.22152019    
0.18689853    
-.34477690    
0.78467056E-01
0.86399251    
 1.0434244    
0.90895575    
 1.1569884    
0.68669081    
0.40549520    
0.28289250    
-.41072816E-01
0.55608147    
-.31487134    
-.40531114    
-.93868852E-01
-1.3475282    
-1.1519059    
-.71627045    
0.13790488    
0.56845170    
0.45843846    
0.78801155E-01
-.17406766    
-.60173899    
-.64219870E-01
-.16197625    
-.17849743    
-.24301542    
-.29256025    
0.12087243    
0.57574743    
0.62421465    
0.80218154    
0.61776274    
0.61364448    
0.81312686    
0.45123464    
0.33290884    
0.43695760    
0.86832887    
0.23111653    
-.18545869    
0.45197719    
0.38042220    
0.41102380    
0.16892938E-01
0.16530724    
0.71343422    
0.60211527    
-.23629797    
-.56278056    
-.29427356    
-.32702824    
-.16695391    
0.10023974    
0.23658767    
-.24912323    
-1.1344941    
-1.1436381    
-.73670548    
-.36182946    
-.40989801    
-.41200030    
-.44997501    
-.34577474    
-.24689457    
-.10989957    
-.42677176    
0.15043063    
0.44336636E-01
-.30810046    
0.35384229    
0.45647327E-01
0.39716676    
0.70975637    
0.16163753    
-.21741848E-01
0.22941601    
-.95946556E-02
-.32539132    
-.77617526    
-1.0287365    
-.19575162    
0.74042037E-01
0.49087119    
-.18514503E-01
0.14452453    
-.43312106E-01
-.31595504    
-1.2255423    
-1.0203766    
-.91094142    
-1.0542194    
-.22891729    
-.21210450    
-.34861037    
-.74601823    
-.35842022    
-.31376979    
0.72843067E-01
0.21387778    
0.68702966    
 1.1414115    
 1.2532117    
0.92266864    
 1.4567518    
 1.4826711    
 1.1874998    
 1.1403421    
 1.0847849    
0.95599252    
 1.1721210    
0.56589639    
0.74985862    
0.58771336    
-1.0530559    
-1.0482701    
-.96464300    
-1.1888231    
-.75087374    
-.39115793    
-.23495029    
0.60019499    
0.52842557    
0.42067376    
0.38353613    
0.35530138    
0.17467000    
0.18994780    
0.59296358    
0.60771734    
 1.2056389    
0.68833196    
0.92223209    
0.63463265    
0.12144387    
0.25110593    
0.50989646    
0.44361043    
0.42711958    
-.39655197E-01
0.21384721    
0.12097294    
0.81171894    
0.90687317    
 1.1861919    
 1.3833116    
0.81957930    
0.43723896    
0.58390236    
0.42906213    
0.62317884    
0.38730466    
 1.0188755    
0.51165646    
-.35382086    
-.68287849    
-.59409446    
-.62718481    
-.76039416    
-.88121146E-01
0.12545197    
0.63974977    
0.68694568    
0.47793627    
0.16626620    
0.35085106    
0.89086926    
0.56586426    
0.48607227    
0.50625962    
0.35505867    
0.30139855    
-.97752392E-01
-.31799513    
-.47395098    
-.72076273    
-.44936660    
-.94195507E-01
0.12153542    
0.60408533    
0.76012239E-01
-.57313684E-01
0.59904773E-01
0.16139771    
0.16431798    
-.36098328    
-.30285221    
-.78771859    
-.72735459    
-.47165945    
-.91805679    
-1.4553885    
-1.1050102    
-.57252127    
-.27793211    
0.23710145    
0.47675297E-01
0.22718568    
0.95579469    
 1.4025679    
0.89437938    
0.85302198    
 1.0847046    
 1.5401491    
 1.5439838    
 2.1561496    
 1.3348111    
 1.9936378    
 1.2048717    
 1.4604836    
 1.0563363    
0.66466004    
0.73274291    
0.67943096    
-.56668156    
0.20859753    
-.21755399    
-.25915343    
-.55977839    
-.21097158    
0.28142983    
0.19032444    
-.11050651    
-.16490605    
-.32347092    
0.92813149E-01
0.57556731    
0.98329917E-01
-.10053438    
0.49170651E-01
0.42437857    
0.17898864    
0.96147209    
0.87927383    
0.13145392    
0.69029278    
0.20061764    
0.86655343    
 1.1389481    
0.71116775    
 1.0615479    
 1.3418639    
0.55895054    
0.91872406    
 1.2079504    
 1.2769481    
 1.3615716    
 1.4443792    
 1.2477854    
 1.3634460    
 1.2250173    
0.79065508    
0.29938379    
0.18509254    
0.15948801    
-.71601443E-01
0.13626100    
0.38360289    
-.13974786    
-.35244394E-01
0.41552237    
0.30079156    
0.12528700    
 1.0730263    
 1.3011522    
 1.2489988    
 1.7555194    
 1.6898419    
 1.0628768    
0.60958561E-01
0.53425944    
0.45135298    
0.38322222    
-.96419759E-01
-.19136268    
-.66948521    
-.97936541    
-.94615322    
-1.2382721    
-.48226863    
-.17927873    
0.12756003    
0.59559578    
0.46538044E-01
-.42938161    
-.36850461    
-.15295251    
-.29157040    
-.88431209E-01
0.12482548    
0.28494886    
0.36075115    
0.65236950    
0.65983814    
0.48361477    
0.53757900    
0.55465341    
 1.3985730    
 1.4969219    
0.92484564    
0.84867370    
 1.4999611    
 1.2729999    
 1.5015147    
 1.0397283    
0.88046849    
 1.4513135    
 1.5396044    
 1.2545151    
0.52003294    
0.10575894    
0.25147513    
0.19372338    
0.49786285    
